1,1,1799.6721,30.3543,75.0025,136.4254,1,-1,-1,-1
2,1,1816.6215,32.1176,60.3513,130.2518,1,-1,-1,-1
3,1,1819.7998,32.8875,57.8051,131.6711,1,-1,-1,-1
4,1,1822.4402,34.3051,55.5414,130.3726,1,-1,-1,-1
5,1,1823.792,34.7227,55.4228,130.9822,1,-1,-1,-1
6,1,1825.5187,34.6722,53.9604,131.7967,1,-1,-1,-1
7,1,1824.8105,35.1097,56.0661,130.5104,1,-1,-1,-1
8,1,1824.9613,35.1519,56.8689,131.1621,1,-1,-1,-1
9,1,1824.6946,35.2779,59.0129,130.5698,1,-1,-1,-1
10,1,1825.3066,34.4825,60.1161,131.7907,1,-1,-1,-1
11,1,1829.5706,34.078,55.7535,128.8026,1,-1,-1,-1
12,1,1826.3771,36.6766,57.9717,128.5833,1,-1,-1,-1
13,1,1826.3057,39.1293,57.2448,126.5272,1,-1,-1,-1
14,3,1720.788,41.7555,61.0833,92.2417,1,-1,-1,-1
15,3,1721.3187,37.9505,60.6017,95.233,1,-1,-1,-1
16,1,1825.559,42.4029,60.3956,124.7222,1,-1,-1,-1
17,1,1825.5969,41.9344,61.9018,125.5987,1,-1,-1,-1
18,1,1826.9955,42.6994,61.0334,123.8725,1,-1,-1,-1
19,1,1828.1052,42.1049,59.9125,125.0895,1,-1,-1,-1
20,1,1827.6588,42.432,60.575,123.9611,1,-1,-1,-1
21,3,1726.2271,42.8903,48.502,81.5308,1,-1,-1,-1
22,3,1725.4821,39.3002,51.6806,86.569,1,-1,-1,-1
23,3,1724.731,36.2498,50.7783,88.8395,1,-1,-1,-1
24,3,1724.729,36.4547,50.6194,88.413,1,-1,-1,-1
25,3,1722.3632,33.3389,53.6807,95.0436,1,-1,-1,-1
26,3,1721.7552,32.7453,54.9761,95.36,1,-1,-1,-1
27,3,1721.8242,31.6231,54.117,97.0404,1,-1,-1,-1
28,3,1721.2535,32.5932,54.1756,91.1669,1,-1,-1,-1
29,3,1721.3611,31.6695,55.5312,93.2791,1,-1,-1,-1
30,3,1721.4354,33.6509,54.4071,94.2519,1,-1,-1,-1
31,3,1721.4457,33.2471,54.7181,94.2263,1,-1,-1,-1
32,3,1722.0723,33.2212,55.348,94.683,1,-1,-1,-1
33,3,1721.7994,33.3153,54.8374,96.3179,1,-1,-1,-1
34,3,1721.266,33.3236,56.1582,96.4893,1,-1,-1,-1
35,3,1720.1445,33.8783,57.5072,96.0042,1,-1,-1,-1
36,3,1719.3386,36.4392,58.2315,95.2411,1,-1,-1,-1
37,3,1718.886,34.7224,58.4039,96.5458,1,-1,-1,-1
38,3,1716.8853,36.9229,60.2148,94.0032,1,-1,-1,-1
39,3,1716.506,36.7915,61.2463,94.8116,1,-1,-1,-1
40,3,1715.473,35.8753,63.0517,94.9893,1,-1,-1,-1
41,1,1825.5109,38.8873,53.5977,126.294,1,-1,-1,-1
42,1,1824.615,39.9302,54.0459,125.228,1,-1,-1,-1
43,3,1713.6511,37.3886,66.1687,95.4123,1,-1,-1,-1
44,3,1712.6708,38.0961,67.6094,96.6085,1,-1,-1,-1
45,1,1824.7738,37.8821,54.1091,126.5464,1,-1,-1,-1
46,3,1713.1694,36.8835,68.6823,98.6381,1,-1,-1,-1
47,3,1709.8231,38.121,74.7493,94.4582,1,-1,-1,-1
48,3,1712.4084,36.5667,70.3434,97.8489,1,-1,-1,-1
49,3,1708.6725,35.936,78.1206,97.001,1,-1,-1,-1
50,1,1820.1077,35.5852,56.8914,124.3091,1,-1,-1,-1
51,3,1708.7012,34.6335,77.7368,95.3531,1,-1,-1,-1
52,3,1707.6271,32.3876,79.1458,100.1193,1,-1,-1,-1
53,3,1707.1294,31.2855,79.7765,100.4467,1,-1,-1,-1
54,3,1706.1207,29.9196,80.7032,99.043,1,-1,-1,-1
55,3,1708.7788,29.1845,80.0059,99.7365,1,-1,-1,-1
56,3,1709.4155,28.894,78.5907,99.4517,1,-1,-1,-1
57,3,1710.21,29.6346,77.843,97.9182,1,-1,-1,-1
58,3,1709.6121,28.1507,77.3377,99.128,1,-1,-1,-1
59,3,1711.1349,24.7101,73.8727,103.0571,1,-1,-1,-1
60,3,1710.2928,25.9405,73.327,100.9018,1,-1,-1,-1
61,3,1714.1746,24.7016,65.9608,104.5861,1,-1,-1,-1
62,3,1714.6525,25.1691,63.5334,103.0788,1,-1,-1,-1
63,3,1714.4573,25.0483,63.1258,103.3367,1,-1,-1,-1
64,3,1714.5278,20.6471,63.5721,107.7924,1,-1,-1,-1
65,3,1715.6334,19.8153,60.7501,107.3821,1,-1,-1,-1
66,3,1716.561,23.2629,57.74,105.3771,1,-1,-1,-1
67,3,1718.2787,23.9816,53.5972,103.5572,1,-1,-1,-1
68,3,1718.901,24.2782,49.2057,101.1152,1,-1,-1,-1
69,3,1719.3921,21.7229,46.2075,103.3383,1,-1,-1,-1
70,3,1718.6257,20.7353,44.9856,104.4883,1,-1,-1,-1
71,3,1718.5614,19.0368,43.649,107.1803,1,-1,-1,-1
72,3,1717.5437,16.7842,42.9816,108.1809,1,-1,-1,-1
73,3,1717.4438,15.8541,38.959,108.0982,1,-1,-1,-1
74,3,1719.6804,16.4198,35.3855,96.8214,1,-1,-1,-1
75,3,1719.2649,14.0922,33.7767,88.798,1,-1,-1,-1
76,3,1717.1705,13.532,34.0812,81.0764,1,-1,-1,-1
77,1,1814.2007,40.8441,63.1719,122.229,1,-1,-1,-1
78,1,1816.3201,40.9782,61.524,123.1106,1,-1,-1,-1
79,1,1811.5771,39.7664,66.7662,123.0574,1,-1,-1,-1
80,1,1810.4155,39.7026,68.0946,124.2547,1,-1,-1,-1
81,1,1809.1262,35.5031,69.734,129.4541,1,-1,-1,-1
82,1,1809.1176,36.0343,69.4583,128.6915,1,-1,-1,-1
83,1,1809.6487,36.5354,68.5575,128.1894,1,-1,-1,-1
84,3,1698.512,9.5342,45.1873,83.133,1,-1,-1,-1
85,3,1696.6514,8.4825,45.8646,82.7668,1,-1,-1,-1
86,3,1695.771,7.602,45.8302,82.387,1,-1,-1,-1
87,3,1693.3226,6.9459,46.7165,78.4465,1,-1,-1,-1
88,3,1690.1326,5.2783,47.5871,82.2171,1,-1,-1,-1
89,3,1688.9642,7.4764,47.4345,79.7155,1,-1,-1,-1
90,3,1683.9779,6.9102,49.8762,86.6905,1,-1,-1,-1
91,3,1684.3701,5.7587,48.1353,86.8095,1,-1,-1,-1
92,3,1681.14,5.83,51.0098,88.1276,1,-1,-1,-1
93,3,1680.993,5.9134,48.7532,87.4613,1,-1,-1,-1
94,3,1680.1722,5.5649,49.5603,87.2741,1,-1,-1,-1
95,3,1678.5291,1.4142,50.6702,86.3247,1,-1,-1,-1
96,3,1678.6201,4.9704,47.6961,90.5448,1,-1,-1,-1
97,3,1674.9844,0.8369,47.7752,94.7357,1,-1,-1,-1
98,3,1673.0747,1.4837,48.314,98.3656,1,-1,-1,-1
99,3,1672.8318,2.8666,48.2801,100.8716,1,-1,-1,-1
100,3,1672.4326,3.6466,47.2695,96.736,1,-1,-1,-1
101,3,1672.3771,5.2506,46.2632,95.4613,1,-1,-1,-1
102,3,1669.4153,1.3129,48.282,102.8119,1,-1,-1,-1
103,3,1666.8243,5.7144,50.0396,100.3217,1,-1,-1,-1
104,3,1665.3231,4.3048,51.4348,102.8583,1,-1,-1,-1
105,3,1665.8369,3.7911,50.5899,102.6612,1,-1,-1,-1
106,3,1664.3572,4.399,50.5947,102.9929,1,-1,-1,-1
107,3,1663.6382,5.1121,48.718,102.1727,1,-1,-1,-1
108,3,1662.2633,4.6821,49.5383,102.144,1,-1,-1,-1
112,3,1658.1508,3.2964,46.8721,103.4074,1,-1,-1,-1
113,3,1655.6364,2.8468,47.5133,101.7805,1,-1,-1,-1
115,3,1654.2595,1.0455,46.114,99.8307,1,-1,-1,-1
116,3,1650.0529,1.5469,48.6815,100.6272,1,-1,-1,-1
117,3,1648.2994,1.1499,50.5736,101.8208,1,-1,-1,-1
120,3,1644.8051,0.2793,50.7835,100.153,1,-1,-1,-1
121,3,1642.3499,0.0,51.1799,99.5706,1,-1,-1,-1
122,3,1643.0132,0.0,48.1307,96.6748,1,-1,-1,-1
123,3,1643.6296,0.0,47.0097,97.0949,1,-1,-1,-1
124,3,1641.0266,0.0,47.3894,92.9039,1,-1,-1,-1
125,3,1640.0529,0.0,47.9727,91.6241,1,-1,-1,-1
126,3,1640.72,0.0881,46.6334,89.5796,1,-1,-1,-1
128,3,1639.2345,0.0,47.6831,94.1176,1,-1,-1,-1
130,3,1639.4409,0.0,47.903,93.8512,1,-1,-1,-1
132,5,522.7843,89.9243,108.2267,234.543,1,-1,-1,-1
133,8,794.7772,87.378,88.2105,234.4501,1,-1,-1,-1
134,8,794.978,82.2789,91.5478,232.0396,1,-1,-1,-1
136,8,795.8427,81.2998,87.557,230.9505,1,-1,-1,-1
137,8,794.837,78.2737,89.2569,233.7214,1,-1,-1,-1
138,8,795.0204,76.469,90.8193,235.6226,1,-1,-1,-1
142,1,1812.2163,39.5338,62.3722,116.5121,1,-1,-1,-1
143,1,1811.577,43.5322,63.8802,116.857,1,-1,-1,-1
144,1,1814.4702,41.3894,60.9005,115.2001,1,-1,-1,-1
145,1,1810.9873,42.3678,64.7286,118.0429,1,-1,-1,-1
146,1,1811.3312,40.2424,63.9438,123.3241,1,-1,-1,-1
147,1,1809.895,40.7512,65.5016,122.0805,1,-1,-1,-1
148,1,1811.5081,40.9578,64.0366,122.174,1,-1,-1,-1
149,1,1812.3884,45.8423,62.8456,116.5126,1,-1,-1,-1
150,1,1812.1393,45.0301,63.2876,117.6905,1,-1,-1,-1
151,1,1812.4012,42.5681,63.2345,121.0297,1,-1,-1,-1
152,1,1813.2892,47.1081,62.1564,112.8119,1,-1,-1,-1
153,1,1813.1478,45.3725,61.6886,117.3482,1,-1,-1,-1
154,1,1814.2084,42.1686,61.0328,121.1195,1,-1,-1,-1
155,1,1813.1006,43.1409,62.171,120.5764,1,-1,-1,-1
156,1,1813.0507,44.7897,62.9,117.8665,1,-1,-1,-1
157,1,1813.6472,45.1242,61.3405,118.0697,1,-1,-1,-1
158,1,1813.3328,43.7861,61.568,119.7126,1,-1,-1,-1
159,1,1813.6605,42.1867,62.0379,121.697,1,-1,-1,-1
160,1,1814.4463,38.6049,61.1235,126.1551,1,-1,-1,-1
161,1,1813.3773,40.7751,62.2125,123.6003,1,-1,-1,-1
162,1,1815.0834,42.5475,60.2956,121.3826,1,-1,-1,-1
163,1,1813.1443,40.2338,62.2685,123.5683,1,-1,-1,-1
164,8,799.241,37.8766,80.9568,229.1959,1,-1,-1,-1
165,8,801.2552,39.2537,77.6318,222.5568,1,-1,-1,-1
166,8,795.1542,32.949,86.3077,226.1931,1,-1,-1,-1
167,8,788.7479,31.5494,90.3195,218.6621,1,-1,-1,-1
168,8,783.6622,28.4583,94.8178,218.5268,1,-1,-1,-1
169,8,776.8617,27.2748,100.4962,214.6523,1,-1,-1,-1
170,8,771.4044,25.0444,105.8252,214.248,1,-1,-1,-1
171,8,766.9781,23.9864,111.2082,214.1561,1,-1,-1,-1
172,8,763.4447,21.524,112.908,213.8288,1,-1,-1,-1
173,8,761.6002,20.2066,116.6024,216.1716,1,-1,-1,-1
174,8,761.3776,19.8823,118.0697,216.5676,1,-1,-1,-1
175,8,762.699,20.2496,116.5902,215.8,1,-1,-1,-1
176,8,765.5917,20.4909,113.9836,214.2637,1,-1,-1,-1
177,8,768.2842,19.9089,112.5213,215.106,1,-1,-1,-1
178,8,767.4636,18.8825,114.6488,215.4896,1,-1,-1,-1
179,8,766.6383,17.7219,116.4294,216.628,1,-1,-1,-1
180,8,768.873,17.3507,114.4189,215.9136,1,-1,-1,-1
181,8,768.1861,14.3533,116.0044,219.8094,1,-1,-1,-1
182,8,769.4899,12.3975,115.398,220.193,1,-1,-1,-1
183,8,767.246,9.8782,115.9386,221.6252,1,-1,-1,-1
184,8,771.6078,9.1391,111.1379,217.9956,1,-1,-1,-1
185,8,778.3514,7.9453,102.6669,208.5518,1,-1,-1,-1
186,8,784.6222,4.4264,95.0646,208.3705,1,-1,-1,-1
187,8,789.7042,5.345,90.2524,203.6301,1,-1,-1,-1
188,8,800.2169,3.3144,77.4675,199.9904,1,-1,-1,-1
189,8,805.5223,3.9716,71.3496,199.938,1,-1,-1,-1
190,8,808.5645,3.2959,67.9993,200.6385,1,-1,-1,-1
191,8,810.4556,3.5251,66.0986,198.2575,1,-1,-1,-1
192,8,810.9962,3.3799,65.227,197.7659,1,-1,-1,-1
193,8,811.6231,3.1419,65.1051,199.5293,1,-1,-1,-1
194,8,811.5596,3.3614,64.7392,198.6688,1,-1,-1,-1
195,8,810.233,3.1301,65.6793,199.312,1,-1,-1,-1
196,8,807.9028,2.7892,67.9344,199.6699,1,-1,-1,-1
197,8,804.947,1.7052,70.2632,200.9531,1,-1,-1,-1
198,8,801.3234,0.0,74.2757,198.6085,1,-1,-1,-1
199,8,799.116,0.0,75.5016,196.4592,1,-1,-1,-1
200,8,794.3203,0.0,77.5614,196.9755,1,-1,-1,-1
201,8,792.9794,0.0,78.6547,193.584,1,-1,-1,-1
202,8,791.7759,0.0,79.7819,189.49,1,-1,-1,-1
203,8,790.4083,0.0,82.5136,185.4185,1,-1,-1,-1
204,8,790.1482,0.1893,82.9582,182.2942,1,-1,-1,-1
205,3,1646.0156,0.0,47.745,100.6701,1,-1,-1,-1
206,3,1643.8074,0.0,51.0062,97.992,1,-1,-1,-1
207,8,793.5649,0.0,81.1813,169.8542,1,-1,-1,-1
208,8,796.0414,0.0786,80.7347,168.7645,1,-1,-1,-1
209,8,797.3454,0.1355,79.2933,167.9115,1,-1,-1,-1
210,8,797.363,0.1553,78.6123,167.6162,1,-1,-1,-1
211,3,1643.9067,0.0,58.2604,101.3857,1,-1,-1,-1
1,2,1612.1023,45.9043,74.9877,178.731,1,-1,-1,-1
2,2,1611.426,46.2378,75.491,180.0102,1,-1,-1,-1
3,2,1611.579,46.2227,75.2096,179.694,1,-1,-1,-1
4,2,1610.7736,45.8782,76.3105,180.8993,1,-1,-1,-1
5,3,1716.7363,46.3992,68.9773,86.1164,1,-1,-1,-1
6,3,1717.3608,46.4496,68.5312,86.128,1,-1,-1,-1
7,2,1611.2507,45.1894,77.2544,181.7717,1,-1,-1,-1
8,2,1611.3401,45.7779,76.8672,181.9041,1,-1,-1,-1
9,3,1717.8322,45.518,68.0362,86.8729,1,-1,-1,-1
10,3,1717.7888,45.0352,67.921,86.6865,1,-1,-1,-1
11,3,1718.5222,45.1553,67.1941,86.6414,1,-1,-1,-1
12,3,1722.2551,46.2159,59.6642,79.6271,1,-1,-1,-1
13,3,1722.6619,43.8726,59.8459,84.849,1,-1,-1,-1
14,1,1825.7542,41.9992,59.5952,124.5293,1,-1,-1,-1
15,1,1824.3596,43.1598,61.6831,123.5707,1,-1,-1,-1
16,3,1726.1084,44.2414,53.3397,82.5433,1,-1,-1,-1
17,3,1727.4507,44.8731,50.5254,80.755,1,-1,-1,-1
18,3,1727.5914,46.8348,51.2355,79.2607,1,-1,-1,-1
19,3,1726.9137,47.6793,47.9243,78.2642,1,-1,-1,-1
20,3,1728.1364,46.2149,46.8626,79.0311,1,-1,-1,-1
21,1,1829.0131,43.4876,59.2053,124.0723,1,-1,-1,-1
22,1,1828.8634,40.2886,59.4764,126.8787,1,-1,-1,-1
23,1,1831.3895,41.5435,57.4013,129.267,1,-1,-1,-1
24,1,1829.5426,41.6517,59.09,125.3815,1,-1,-1,-1
25,1,1827.5126,42.3792,59.8312,126.3071,1,-1,-1,-1
26,1,1828.6654,41.263,58.1891,127.2426,1,-1,-1,-1
27,1,1827.9191,40.9414,59.2285,126.8845,1,-1,-1,-1
28,1,1829.6478,42.2695,57.0215,126.4731,1,-1,-1,-1
29,1,1828.2496,42.2391,57.5308,124.8042,1,-1,-1,-1
30,1,1827.5938,42.3503,57.748,124.3122,1,-1,-1,-1
31,1,1825.3824,41.2047,59.7356,125.0104,1,-1,-1,-1
32,1,1825.8141,42.4218,58.107,124.1377,1,-1,-1,-1
33,1,1823.72,41.4135,59.4691,124.7613,1,-1,-1,-1
34,1,1823.3042,40.4767,58.8525,126.6922,1,-1,-1,-1
35,1,1822.9321,40.3537,58.0484,125.9684,1,-1,-1,-1
36,1,1815.347,39.974,64.3503,124.1503,1,-1,-1,-1
37,1,1824.6569,41.145,55.6388,123.2591,1,-1,-1,-1
38,1,1823.7738,41.0672,56.3749,123.3847,1,-1,-1,-1
39,1,1818.9521,36.823,58.8572,122.5879,1,-1,-1,-1
40,1,1826.6022,39.4754,52.4922,125.3396,1,-1,-1,-1
41,3,1714.0363,39.5149,65.4339,93.4148,1,-1,-1,-1
42,3,1713.9452,40.0723,66.4239,93.1109,1,-1,-1,-1
43,1,1825.2943,40.0215,53.4315,125.6323,1,-1,-1,-1
44,1,1825.7346,38.532,53.1129,127.2024,1,-1,-1,-1
45,3,1712.0203,37.8923,69.4449,97.3239,1,-1,-1,-1
46,1,1824.4438,40.7665,53.8206,123.1424,1,-1,-1,-1
47,1,1824.0996,41.3701,54.2769,122.5175,1,-1,-1,-1
48,1,1817.8109,37.4362,60.0956,124.1306,1,-1,-1,-1
49,1,1824.5195,41.121,53.6464,120.5997,1,-1,-1,-1
50,3,1709.1611,35.6094,75.8637,93.9776,1,-1,-1,-1
51,1,1824.0089,40.5086,54.5031,123.0866,1,-1,-1,-1
52,1,1823.7402,39.7613,54.3857,123.6925,1,-1,-1,-1
53,1,1817.1403,41.2681,60.5889,119.9531,1,-1,-1,-1
54,1,1817.8126,43.5093,59.4426,118.7203,1,-1,-1,-1
55,1,1814.9507,41.7852,62.1887,118.7894,1,-1,-1,-1
56,2,1815.9755,42.3485,61.1471,118.6629,1,-1,-1,-1
57,1,1815.9357,42.7746,60.6562,118.8182,1,-1,-1,-1
58,1,1817.6329,40.7459,59.1027,120.982,1,-1,-1,-1
59,1,1817.4827,39.8191,58.7815,124.0293,1,-1,-1,-1
60,1,1815.7722,39.0037,60.9312,125.3454,1,-1,-1,-1
61,1,1814.7242,37.1915,62.0889,127.3375,1,-1,-1,-1
62,1,1813.4088,37.5103,63.6065,125.5563,1,-1,-1,-1
63,1,1812.9302,35.7792,64.7156,128.1086,1,-1,-1,-1
64,1,1813.4883,36.4076,63.8822,128.7034,1,-1,-1,-1
65,1,1813.3082,36.0761,64.4621,129.1504,1,-1,-1,-1
66,1,1813.5087,34.9176,63.809,129.8945,1,-1,-1,-1
67,1,1812.9147,32.7349,64.9167,131.8661,1,-1,-1,-1
68,1,1813.8951,36.0717,63.6951,129.024,1,-1,-1,-1
69,1,1814.7343,34.1625,62.5699,130.1145,1,-1,-1,-1
70,1,1813.5659,34.8846,63.7728,129.4045,1,-1,-1,-1
71,1,1814.7281,36.7582,62.4883,127.3039,1,-1,-1,-1
72,1,1813.3263,36.7983,64.2167,127.5094,1,-1,-1,-1
73,1,1815.7128,47.531,60.3906,114.4551,1,-1,-1,-1
74,1,1816.443,41.0652,60.5605,122.7819,1,-1,-1,-1
75,1,1815.1602,39.0094,62.7474,125.1028,1,-1,-1,-1
76,1,1814.42,41.0748,63.5243,122.9422,1,-1,-1,-1
77,2,1632.0171,48.2453,105.9322,184.1235,1,-1,-1,-1
78,2,1633.3186,47.7138,104.2542,184.0103,1,-1,-1,-1
79,2,1630.6786,45.9002,107.3058,189.5492,1,-1,-1,-1
80,2,1632.9406,47.7609,107.8992,192.9259,1,-1,-1,-1
81,2,1635.2753,47.8129,105.9034,192.9801,1,-1,-1,-1
82,2,1633.6582,51.1315,109.5764,186.938,1,-1,-1,-1
83,2,1638.6343,49.9338,103.9256,187.5525,1,-1,-1,-1
84,1,1809.4624,37.2737,67.9609,126.9368,1,-1,-1,-1
85,1,1812.4159,36.5125,65.1323,127.3171,1,-1,-1,-1
86,1,1813.7104,38.9181,63.5105,125.1487,1,-1,-1,-1
87,1,1814.4825,38.7279,62.4696,126.0889,1,-1,-1,-1
88,1,1815.8441,39.2329,60.6502,125.1519,1,-1,-1,-1
89,1,1815.3627,42.0375,60.9319,122.4922,1,-1,-1,-1
90,1,1815.6605,45.6522,60.1488,117.5038,1,-1,-1,-1
91,1,1814.5624,41.6693,61.8626,123.31,1,-1,-1,-1
92,1,1814.395,47.4706,61.5394,116.6028,1,-1,-1,-1
93,1,1814.6874,43.7348,60.9646,119.7489,1,-1,-1,-1
94,1,1814.3373,37.451,61.7287,127.7653,1,-1,-1,-1
95,1,1813.952,39.0542,62.1577,125.7955,1,-1,-1,-1
96,1,1814.8491,39.2224,61.7442,125.6944,1,-1,-1,-1
97,1,1812.1476,46.4722,63.8811,115.6264,1,-1,-1,-1
98,1,1816.864,45.1387,60.1112,116.7357,1,-1,-1,-1
99,1,1815.8226,42.6157,60.9411,120.7207,1,-1,-1,-1
100,1,1815.6353,44.5078,60.4564,120.2409,1,-1,-1,-1
101,1,1815.0831,44.1022,61.4861,121.209,1,-1,-1,-1
102,1,1815.0161,38.0875,61.5504,127.0192,1,-1,-1,-1
103,1,1814.3051,39.0167,63.1427,126.2698,1,-1,-1,-1
104,1,1814.946,40.2848,60.6196,124.3549,1,-1,-1,-1
105,1,1816.7374,44.3418,58.897,120.3122,1,-1,-1,-1
106,1,1812.0214,39.9178,64.948,124.6718,1,-1,-1,-1
107,1,1812.6986,38.6815,63.7451,124.9017,1,-1,-1,-1
108,1,1812.4025,38.6913,63.9786,124.8315,1,-1,-1,-1
109,3,1661.9287,2.4929,47.2572,103.7504,1,-1,-1,-1
110,3,1659.8228,2.9174,47.9904,104.1059,1,-1,-1,-1
111,3,1660.5953,3.6013,44.641,98.3661,1,-1,-1,-1
112,2,1743.33,91.8678,65.4333,84.0193,1,-1,-1,-1
113,1,1821.0793,34.7976,54.3254,127.305,1,-1,-1,-1
114,3,1654.488,3.1731,47.9247,100.8008,1,-1,-1,-1
115,1,1823.0811,35.584,52.3227,124.9861,1,-1,-1,-1
116,1,1826.0328,36.2282,49.2364,122.4593,1,-1,-1,-1
117,5,601.38,95.8525,106.4703,228.6549,1,-1,-1,-1
118,3,1646.7832,1.7548,50.6525,101.3832,1,-1,-1,-1
119,3,1645.0941,1.2729,51.7345,99.4551,1,-1,-1,-1
125,2,1793.6437,83.4449,68.363,110.1604,1,-1,-1,-1
126,2,1795.9546,87.7702,69.2821,126.5476,1,-1,-1,-1
127,3,1639.8672,0.6953,47.0311,91.1876,1,-1,-1,-1
129,3,1640.0601,0.9624,47.6665,89.5913,1,-1,-1,-1
131,3,1639.2762,0.0716,48.8566,93.7968,1,-1,-1,-1
132,8,794.7645,90.8502,88.1301,234.898,1,-1,-1,-1
133,5,519.2842,90.076,100.4357,234.0601,1,-1,-1,-1
134,5,514.4703,90.9011,99.7431,235.7723,1,-1,-1,-1
135,8,795.5938,80.8216,92.0883,231.3424,1,-1,-1,-1
136,5,505.7663,92.7041,74.6819,229.0241,1,-1,-1,-1
137,5,501.0013,89.6054,71.966,229.86,1,-1,-1,-1
138,5,488.7283,87.2008,82.9951,236.5924,1,-1,-1,-1
139,8,795.3761,75.1834,91.8581,238.5491,1,-1,-1,-1
140,8,795.6337,73.9288,94.0644,241.6491,1,-1,-1,-1
141,8,795.6273,72.2211,95.0279,241.7871,1,-1,-1,-1
142,8,795.8593,71.4005,93.6382,242.3193,1,-1,-1,-1
143,8,796.3884,69.7551,92.5294,243.1223,1,-1,-1,-1
144,8,796.5111,68.1716,94.1384,243.8022,1,-1,-1,-1
145,8,796.3541,65.0493,91.5926,246.8858,1,-1,-1,-1
146,8,796.9971,65.5087,91.0638,242.2968,1,-1,-1,-1
147,8,798.5577,63.8632,88.0003,238.2039,1,-1,-1,-1
148,8,800.6588,62.4573,85.5211,235.5002,1,-1,-1,-1
149,8,801.3809,60.4958,83.8389,231.0717,1,-1,-1,-1
150,8,809.449,59.7815,76.6057,223.9745,1,-1,-1,-1
151,8,811.1713,60.204,74.2666,219.1196,1,-1,-1,-1
152,8,805.1346,55.3092,77.928,222.9176,1,-1,-1,-1
153,8,806.263,52.7017,76.9481,223.0074,1,-1,-1,-1
154,8,808.8352,54.6558,74.3004,218.2339,1,-1,-1,-1
155,8,813.098,50.9577,72.3805,218.8943,1,-1,-1,-1
156,8,812.3462,50.711,73.2289,217.1956,1,-1,-1,-1
157,8,813.7229,50.6084,72.3654,220.0114,1,-1,-1,-1
158,8,814.0079,50.1491,71.656,220.0404,1,-1,-1,-1
159,8,814.1301,48.7293,71.1417,222.1178,1,-1,-1,-1
160,8,812.5383,46.0687,72.7962,224.0073,1,-1,-1,-1
161,8,810.6774,46.1292,73.8794,222.6094,1,-1,-1,-1
162,8,809.2612,44.426,74.2126,223.1069,1,-1,-1,-1
163,8,807.2958,43.2843,75.7038,222.153,1,-1,-1,-1
164,1,1814.2136,46.18,61.0114,120.005,1,-1,-1,-1
165,1,1813.3252,40.5312,61.8944,124.5797,1,-1,-1,-1
166,1,1814.4214,45.1103,60.583,119.4861,1,-1,-1,-1
167,1,1816.1416,47.9014,59.3027,116.6814,1,-1,-1,-1
168,1,1815.2225,43.5529,59.9895,120.2546,1,-1,-1,-1
169,1,1816.3793,42.4369,58.2625,121.1275,1,-1,-1,-1
170,1,1816.457,44.6239,58.4855,117.4757,1,-1,-1,-1
171,1,1815.006,40.0314,59.6782,123.7325,1,-1,-1,-1
172,1,1813.7543,37.5598,61.3099,126.3012,1,-1,-1,-1
173,1,1812.8185,36.0661,62.5625,128.3311,1,-1,-1,-1
174,1,1818.1548,31.8421,57.1783,128.3528,1,-1,-1,-1
175,1,1813.0359,36.4419,62.1753,127.7538,1,-1,-1,-1
176,1,1810.9202,36.7615,63.8803,126.2628,1,-1,-1,-1
177,1,1808.5557,33.4606,65.9544,129.5139,1,-1,-1,-1
178,1,1809.2686,34.6925,65.4643,128.9805,1,-1,-1,-1
179,1,1809.7535,35.5481,65.048,127.2391,1,-1,-1,-1
180,4,1496.9561,30.1701,87.0145,203.7767,1,-1,-1,-1
181,4,1492.6619,28.5554,89.6438,207.7717,1,-1,-1,-1
182,4,1490.2402,30.4421,87.5843,205.0113,1,-1,-1,-1
183,4,1492.7616,33.6422,82.571,198.3144,1,-1,-1,-1
184,4,1492.2181,28.9759,79.0946,203.269,1,-1,-1,-1
185,4,1486.05,24.5653,85.3526,205.6383,1,-1,-1,-1
186,4,1483.8625,25.3433,80.547,201.8041,1,-1,-1,-1
187,4,1477.0935,23.2118,90.6589,201.8565,1,-1,-1,-1
188,4,1482.731,26.9348,80.2512,185.9237,1,-1,-1,-1
189,4,1481.5862,22.9816,80.2632,184.9025,1,-1,-1,-1
190,3,1637.2676,17.4033,55.9057,72.7306,1,-1,-1,-1
191,3,1640.5377,12.6675,52.7973,81.0223,1,-1,-1,-1
192,3,1641.8188,10.2036,49.7287,80.0039,1,-1,-1,-1
193,3,1642.4604,7.9883,49.7715,87.3679,1,-1,-1,-1
194,3,1644.5959,5.3956,46.7432,92.9016,1,-1,-1,-1
195,3,1645.7395,5.0158,46.2808,91.9138,1,-1,-1,-1
196,3,1642.9677,2.9576,49.5158,94.6567,1,-1,-1,-1
197,3,1643.8396,2.2283,48.6505,97.9573,1,-1,-1,-1
198,3,1641.9064,0.299,48.3484,97.1998,1,-1,-1,-1
199,3,1643.8436,0.5767,45.4709,93.6638,1,-1,-1,-1
200,3,1649.0315,3.9125,39.7214,89.7674,1,-1,-1,-1
201,3,1648.0789,1.1372,42.5335,92.0988,1,-1,-1,-1
202,3,1647.1178,0.2736,44.5535,98.8491,1,-1,-1,-1
203,3,1648.2128,0.4306,43.3816,99.2633,1,-1,-1,-1
204,3,1648.1213,0.4296,44.1448,94.6181,1,-1,-1,-1
205,8,791.1575,0.218,83.2685,178.1825,1,-1,-1,-1
206,8,791.2614,0.209,83.007,175.5685,1,-1,-1,-1
207,3,1644.8815,0.0,51.4209,100.5581,1,-1,-1,-1
208,3,1644.9965,0.3691,53.9411,102.2544,1,-1,-1,-1
209,3,1645.2191,0.7089,54.1602,100.4756,1,-1,-1,-1
210,4,1412.6078,0.2494,78.7379,128.3499,1,-1,-1,-1
211,8,798.5974,0.4478,76.9829,167.5057,1,-1,-1,-1
1,3,1721.0453,49.4901,62.1669,81.5268,1,-1,-1,-1
2,3,1718.3066,47.3332,68.3715,85.2787,1,-1,-1,-1
3,3,1721.7415,50.6067,61.9221,78.3512,1,-1,-1,-1
4,3,1720.9155,50.7006,61.8585,79.7802,1,-1,-1,-1
5,2,1611.4224,46.6299,76.4098,181.0446,1,-1,-1,-1
6,2,1610.9293,46.6021,76.9679,180.8258,1,-1,-1,-1
7,3,1718.1046,46.3447,67.6959,85.8572,1,-1,-1,-1
8,3,1718.0431,45.8479,68.1235,86.4177,1,-1,-1,-1
9,2,1611.3536,47.4394,77.5059,180.5576,1,-1,-1,-1
10,2,1611.313,48.4427,77.8736,179.6983,1,-1,-1,-1
11,2,1615.0481,48.8067,76.9294,178.633,1,-1,-1,-1
12,2,1614.8961,50.5463,77.2776,176.8114,1,-1,-1,-1
13,2,1613.1316,49.0159,78.399,174.7356,1,-1,-1,-1
14,2,1613.3242,51.6842,78.7698,171.3833,1,-1,-1,-1
15,2,1612.245,52.177,79.5605,171.4687,1,-1,-1,-1
16,2,1609.4683,48.4221,82.7017,178.9627,1,-1,-1,-1
17,2,1609.3589,48.0676,83.0974,178.1943,1,-1,-1,-1
18,2,1609.7917,48.5272,82.8742,176.5961,1,-1,-1,-1
19,2,1609.9087,47.9073,82.6393,177.8293,1,-1,-1,-1
20,2,1610.2401,49.059,82.3104,177.0774,1,-1,-1,-1
21,2,1612.7524,52.906,79.1883,170.5193,1,-1,-1,-1
22,2,1611.8494,52.9836,79.4206,170.6437,1,-1,-1,-1
23,2,1611.9913,52.2105,79.7771,170.8952,1,-1,-1,-1
24,2,1612.3,51.9926,79.8117,171.2726,1,-1,-1,-1
25,2,1612.0322,52.096,80.9993,171.0904,1,-1,-1,-1
26,2,1611.2874,52.6916,81.6539,170.7897,1,-1,-1,-1
27,2,1611.3661,52.6157,81.8998,170.7546,1,-1,-1,-1
28,2,1611.802,51.1273,81.6099,172.4479,1,-1,-1,-1
29,2,1615.1389,52.0033,78.8341,175.5568,1,-1,-1,-1
30,2,1611.8668,53.5031,81.1029,169.8466,1,-1,-1,-1
31,2,1612.3213,52.5852,81.8375,171.1506,1,-1,-1,-1
32,2,1611.9279,50.4143,82.0752,172.5854,1,-1,-1,-1
33,2,1609.02,50.4504,84.4,176.4815,1,-1,-1,-1
34,2,1612.0122,52.7161,81.1659,169.5912,1,-1,-1,-1
35,2,1614.5408,50.8629,81.0146,176.6669,1,-1,-1,-1
36,2,1615.1617,52.2869,80.1789,175.2746,1,-1,-1,-1
37,2,1613.4408,51.533,78.9272,171.1259,1,-1,-1,-1
38,2,1613.4438,52.9371,79.2599,169.2456,1,-1,-1,-1
39,2,1610.5581,51.6892,83.1886,173.6785,1,-1,-1,-1
40,2,1616.6069,53.6237,78.5795,172.601,1,-1,-1,-1
41,2,1616.3502,54.4325,79.9351,170.6523,1,-1,-1,-1
42,2,1610.3408,51.0979,85.3624,174.883,1,-1,-1,-1
43,2,1616.3314,55.0511,81.9359,168.945,1,-1,-1,-1
44,2,1616.3761,55.512,82.8931,169.8954,1,-1,-1,-1
45,2,1616.9069,54.7567,82.0435,170.5676,1,-1,-1,-1
46,2,1615.601,51.5938,82.3354,172.4863,1,-1,-1,-1
47,2,1617.0804,52.1037,82.4473,171.4905,1,-1,-1,-1
48,2,1616.567,55.6431,85.0006,167.6887,1,-1,-1,-1
49,2,1614.9827,54.021,84.9264,169.3026,1,-1,-1,-1
50,2,1615.2515,53.944,85.7588,169.6149,1,-1,-1,-1
51,2,1614.5752,56.9887,88.6047,167.1714,1,-1,-1,-1
52,2,1615.9949,53.6552,86.1111,170.0639,1,-1,-1,-1
53,2,1615.2271,55.1821,88.9671,167.6846,1,-1,-1,-1
54,2,1614.5586,53.5434,89.1257,169.9184,1,-1,-1,-1
55,2,1611.3568,52.5039,97.2594,173.9449,1,-1,-1,-1
56,2,1610.4242,51.3139,101.1702,174.9272,1,-1,-1,-1
57,2,1612.8022,51.2479,101.1115,177.2649,1,-1,-1,-1
58,2,1611.9458,51.4817,100.136,176.0918,1,-1,-1,-1
59,2,1614.4001,54.7209,95.4228,170.2816,1,-1,-1,-1
60,2,1613.0446,52.1437,101.4943,175.6945,1,-1,-1,-1
61,2,1612.9081,51.2777,104.3768,176.0191,1,-1,-1,-1
62,2,1615.6267,56.6534,98.5469,164.9713,1,-1,-1,-1
63,2,1611.3314,54.0638,103.5994,174.7096,1,-1,-1,-1
64,2,1612.5151,53.8009,107.6318,174.9696,1,-1,-1,-1
65,2,1614.7108,51.8354,105.2708,176.0711,1,-1,-1,-1
66,2,1616.4381,50.5883,109.9048,175.2388,1,-1,-1,-1
67,2,1616.0399,50.4113,112.494,175.1539,1,-1,-1,-1
68,2,1617.9957,49.4203,111.1687,176.5012,1,-1,-1,-1
69,2,1619.6777,49.1899,110.8831,177.7291,1,-1,-1,-1
70,2,1620.7678,49.2163,110.594,178.7978,1,-1,-1,-1
71,2,1622.4425,52.8345,110.0192,176.9872,1,-1,-1,-1
72,2,1625.6615,54.5488,108.5929,175.3731,1,-1,-1,-1
73,2,1628.826,53.0856,106.574,176.082,1,-1,-1,-1
74,2,1630.7677,52.9156,105.6428,176.4443,1,-1,-1,-1
75,2,1632.7969,47.8497,105.103,184.4198,1,-1,-1,-1
76,2,1631.8257,47.41,106.8088,184.6613,1,-1,-1,-1
77,5,759.8317,83.774,95.1366,228.9759,1,-1,-1,-1
78,5,747.0789,84.0361,105.3625,225.8707,1,-1,-1,-1
79,5,744.3724,86.0108,105.5646,223.8714,1,-1,-1,-1
80,5,743.2101,88.8656,107.6249,221.1868,1,-1,-1,-1
81,5,742.6663,87.5895,106.9103,224.0249,1,-1,-1,-1
82,5,743.3194,90.4132,102.5673,220.7489,1,-1,-1,-1
83,5,743.6026,85.6547,103.4846,225.9233,1,-1,-1,-1
84,2,1642.8375,57.901,94.9235,173.7079,1,-1,-1,-1
85,2,1645.0166,59.6836,94.3815,169.1459,1,-1,-1,-1
86,2,1646.7043,60.1272,94.0704,168.3394,1,-1,-1,-1
87,2,1643.5844,56.8874,105.7548,179.2669,1,-1,-1,-1
88,2,1649.3243,63.1752,97.0695,166.4351,1,-1,-1,-1
89,2,1651.8352,63.5112,96.5397,167.3113,1,-1,-1,-1
90,2,1648.7664,62.0353,108.0791,177.1507,1,-1,-1,-1
91,2,1647.875,62.4475,110.5444,175.9132,1,-1,-1,-1
92,2,1649.8428,60.6217,109.8243,176.7013,1,-1,-1,-1
93,2,1651.067,63.5087,110.1882,174.0698,1,-1,-1,-1
94,2,1656.2572,69.6744,104.827,161.2756,1,-1,-1,-1
95,2,1652.7328,60.8608,114.4827,174.6388,1,-1,-1,-1
96,2,1652.9215,67.8447,116.4529,165.4702,1,-1,-1,-1
97,2,1654.4377,66.6458,118.7968,166.1667,1,-1,-1,-1
98,2,1657.3556,68.3516,116.4104,164.1256,1,-1,-1,-1
99,2,1674.0819,67.1582,102.4607,167.7679,1,-1,-1,-1
100,2,1702.7285,71.962,73.8273,91.9311,1,-1,-1,-1
101,2,1707.0403,72.9385,72.0061,92.2609,1,-1,-1,-1
102,2,1710.6569,76.3923,69.503,92.6074,1,-1,-1,-1
103,2,1714.3834,78.1973,68.1052,88.9733,1,-1,-1,-1
104,2,1716.9011,80.3453,66.9937,86.3096,1,-1,-1,-1
105,2,1717.6561,80.8039,70.0822,87.8853,1,-1,-1,-1
106,2,1720.0889,79.9474,71.232,89.6015,1,-1,-1,-1
107,2,1724.4823,80.4369,68.5012,106.9455,1,-1,-1,-1
108,2,1725.1505,81.802,70.553,108.7558,1,-1,-1,-1
109,1,1818.4658,41.0695,57.6264,122.1518,1,-1,-1,-1
110,1,1821.1224,40.9659,54.5804,121.7284,1,-1,-1,-1
111,1,1820.6611,35.3175,54.9774,128.4518,1,-1,-1,-1
112,5,606.1794,100.1755,123.4659,225.2955,1,-1,-1,-1
113,2,1744.1871,93.9384,66.6768,83.5254,1,-1,-1,-1
114,1,1822.4581,34.5285,52.8819,127.0275,1,-1,-1,-1
115,2,1752.3396,95.7201,71.6245,84.1811,1,-1,-1,-1
116,2,1757.1046,94.2053,76.893,87.8157,1,-1,-1,-1
117,8,810.2606,114.9497,90.1054,243.7483,1,-1,-1,-1
118,5,601.0956,97.0085,99.1923,229.402,1,-1,-1,-1
119,2,1770.1893,84.1415,86.9671,101.9207,1,-1,-1,-1
120,3,1774.3956,86.2352,77.1553,101.5901,1,-1,-1,-1
121,2,1779.2988,84.4745,72.5863,107.5166,1,-1,-1,-1
122,2,1781.4989,84.7825,79.7452,102.5286,1,-1,-1,-1
123,2,1783.6685,85.1906,79.0886,102.3081,1,-1,-1,-1
124,2,1789.5826,86.4699,70.8766,109.3138,1,-1,-1,-1
125,5,556.9014,87.782,89.2995,240.451,1,-1,-1,-1
126,5,543.1376,90.6119,101.8581,234.0991,1,-1,-1,-1
127,5,533.9097,92.4531,112.502,231.4949,1,-1,-1,-1
128,2,1798.3601,90.4144,72.7212,162.4792,1,-1,-1,-1
129,2,1797.5422,88.5289,74.8151,170.4674,1,-1,-1,-1
130,5,523.5178,90.0662,118.4955,234.4227,1,-1,-1,-1
131,5,523.0011,91.9304,117.9621,231.85,1,-1,-1,-1
132,4,1590.1202,114.4826,95.138,223.7556,1,-1,-1,-1
133,4,1590.946,111.5361,92.0287,225.8689,1,-1,-1,-1
134,4,1590.7098,111.5487,91.3742,225.0454,1,-1,-1,-1
135,5,509.0117,89.2785,95.8857,237.2316,1,-1,-1,-1
136,4,1589.6146,107.2487,90.1125,226.4098,1,-1,-1,-1
137,4,1588.6493,104.6973,89.0023,224.7665,1,-1,-1,-1
138,4,1586.1027,103.0951,89.4493,222.9481,1,-1,-1,-1
139,5,479.0329,89.3464,88.6317,232.9439,1,-1,-1,-1
140,5,470.2212,89.7041,99.7039,232.6701,1,-1,-1,-1
141,5,453.0721,91.3835,117.7847,228.5011,1,-1,-1,-1
142,5,440.7146,89.678,129.751,230.0862,1,-1,-1,-1
143,5,435.1556,90.0237,134.1938,229.1459,1,-1,-1,-1
144,4,1576.7725,87.3935,92.6029,216.8377,1,-1,-1,-1
145,4,1575.7467,85.6398,92.6001,217.3736,1,-1,-1,-1
146,4,1574.3723,85.8603,92.3399,216.333,1,-1,-1,-1
147,4,1572.7258,84.0878,92.7774,218.4587,1,-1,-1,-1
148,5,415.1444,87.5634,127.9119,230.041,1,-1,-1,-1
149,4,1570.287,82.9995,91.9073,218.0851,1,-1,-1,-1
150,5,413.1643,81.9093,108.2742,227.3884,1,-1,-1,-1
151,5,412.7921,80.9994,97.2095,222.5046,1,-1,-1,-1
152,5,411.4871,81.1138,92.1765,223.604,1,-1,-1,-1
153,4,1566.2205,81.2399,87.2325,215.4388,1,-1,-1,-1
154,5,405.7379,83.6049,87.955,223.3295,1,-1,-1,-1
155,4,1562.6006,75.0848,87.7206,213.9534,1,-1,-1,-1
156,4,1563.437,78.8718,83.5813,199.1225,1,-1,-1,-1
157,4,1560.3328,79.1883,84.8874,192.4277,1,-1,-1,-1
158,4,1558.6768,70.8741,86.9553,200.2182,1,-1,-1,-1
159,4,1557.5677,66.9508,86.9678,201.4666,1,-1,-1,-1
160,4,1553.1113,66.3287,88.3258,202.3334,1,-1,-1,-1
161,4,1547.1594,63.9801,90.8827,203.1217,1,-1,-1,-1
162,4,1542.6013,63.6682,91.9567,205.9581,1,-1,-1,-1
163,4,1535.8595,63.2551,93.2957,205.406,1,-1,-1,-1
164,4,1531.3925,64.9266,96.2731,205.1521,1,-1,-1,-1
165,4,1529.4071,58.7584,98.7371,208.4231,1,-1,-1,-1
166,4,1525.2683,58.8084,99.622,210.6468,1,-1,-1,-1
167,4,1516.1364,60.7695,102.4923,208.9702,1,-1,-1,-1
168,4,1515.5206,58.8952,99.138,209.3667,1,-1,-1,-1
169,4,1519.6337,55.2058,92.4099,209.9089,1,-1,-1,-1
170,4,1518.0273,52.3779,88.6568,210.3671,1,-1,-1,-1
171,4,1518.1356,50.5798,86.609,209.7257,1,-1,-1,-1
172,4,1521.4967,51.1326,82.4533,195.1053,1,-1,-1,-1
173,4,1518.281,49.1547,81.6027,191.6443,1,-1,-1,-1
174,4,1517.0436,46.5868,81.963,190.4669,1,-1,-1,-1
175,4,1515.9001,43.0072,81.8667,193.6729,1,-1,-1,-1
176,4,1512.4563,39.063,82.5961,194.4682,1,-1,-1,-1
177,4,1510.5197,37.8522,81.9921,193.8686,1,-1,-1,-1
178,4,1504.8771,38.2923,81.5891,194.8323,1,-1,-1,-1
179,4,1504.068,35.6628,81.1997,197.567,1,-1,-1,-1
180,1,1809.8641,35.4507,64.977,127.9084,1,-1,-1,-1
181,1,1809.6147,35.1233,64.7928,128.2405,1,-1,-1,-1
182,1,1809.8314,34.0138,64.9498,129.7317,1,-1,-1,-1
183,1,1810.1348,34.3156,64.4345,128.9243,1,-1,-1,-1
184,1,1814.0048,34.8006,60.7476,129.3947,1,-1,-1,-1
185,1,1814.8291,35.4669,60.3607,128.6481,1,-1,-1,-1
186,1,1812.1416,33.7464,63.0502,130.2603,1,-1,-1,-1
187,1,1813.7699,33.5464,61.0553,130.2428,1,-1,-1,-1
188,1,1813.6405,34.0504,60.7638,128.9753,1,-1,-1,-1
189,1,1818.1731,26.8462,57.2599,131.8331,1,-1,-1,-1
190,4,1478.8695,20.4308,79.2261,186.3836,1,-1,-1,-1
191,4,1479.853,20.0377,76.157,187.7811,1,-1,-1,-1
192,4,1475.5846,14.2238,76.0869,190.6885,1,-1,-1,-1
193,4,1473.0006,17.6589,78.923,189.2563,1,-1,-1,-1
194,4,1472.0592,14.0731,77.4204,191.5931,1,-1,-1,-1
195,4,1470.7684,11.9739,74.0099,193.6809,1,-1,-1,-1
196,4,1452.3937,10.5333,87.3791,194.3564,1,-1,-1,-1
197,4,1460.2399,10.9266,72.645,195.0422,1,-1,-1,-1
198,4,1448.0417,8.0528,83.6735,197.0694,1,-1,-1,-1
199,4,1444.3925,8.0506,83.6942,197.7708,1,-1,-1,-1
200,4,1445.3578,6.5081,77.5492,197.764,1,-1,-1,-1
201,4,1448.3268,4.5742,68.0555,196.0714,1,-1,-1,-1
202,4,1443.0354,2.9897,71.4557,196.8877,1,-1,-1,-1
203,4,1440.3136,2.6083,71.4093,193.3375,1,-1,-1,-1
204,4,1437.7465,4.1817,69.887,182.8205,1,-1,-1,-1
205,4,1435.5077,1.7401,71.2065,177.5301,1,-1,-1,-1
206,4,1429.1039,2.2338,74.167,178.9674,1,-1,-1,-1
207,4,1428.3075,0.4665,72.2435,167.0349,1,-1,-1,-1
208,4,1421.2056,1.5279,76.4037,142.0718,1,-1,-1,-1
209,4,1413.8684,2.3385,81.9489,136.3068,1,-1,-1,-1
210,3,1644.7754,0.4937,55.0483,96.1929,1,-1,-1,-1
211,4,1408.3242,0.5494,78.6109,119.0221,1,-1,-1,-1
1,4,1020.4061,57.6362,88.7825,218.2614,1,-1,-1,-1
2,4,1023.7158,58.3011,87.152,215.6438,1,-1,-1,-1
3,4,1023.3179,62.1638,93.1847,216.8672,1,-1,-1,-1
4,4,1024.9711,62.5808,93.9746,214.6406,1,-1,-1,-1
5,4,1027.8613,62.7014,92.406,214.1951,1,-1,-1,-1
6,4,1031.7057,61.9189,86.7346,217.5691,1,-1,-1,-1
7,4,1035.2561,60.4213,85.7599,220.3475,1,-1,-1,-1
8,4,1038.2485,59.4681,86.0072,220.0124,1,-1,-1,-1
9,4,1040.7004,59.2537,85.4108,209.8335,1,-1,-1,-1
10,4,1044.1981,58.5453,84.56,205.9504,1,-1,-1,-1
11,4,1050.7767,61.0895,81.201,205.4466,1,-1,-1,-1
12,4,1056.1962,65.501,78.8233,187.6193,1,-1,-1,-1
13,4,1057.0906,64.566,79.1888,187.9134,1,-1,-1,-1
14,4,1059.1438,64.014,84.0787,180.4362,1,-1,-1,-1
15,4,1058.7241,63.4499,99.443,272.8976,1,-1,-1,-1
16,5,1066.5361,63.5459,84.1159,144.2276,1,-1,-1,-1
17,4,1049.7751,112.2099,107.4947,217.4022,1,-1,-1,-1
18,4,1090.4175,65.3237,67.583,80.7088,1,-1,-1,-1
19,5,1036.7428,109.6109,125.3313,213.5469,1,-1,-1,-1
20,4,1115.632,70.5339,56.6899,214.3796,1,-1,-1,-1
21,4,1106.1238,70.1986,68.0589,213.5758,1,-1,-1,-1
22,4,1106.6954,68.4988,68.0985,221.3533,1,-1,-1,-1
23,4,1107.0459,68.5907,73.9333,226.1454,1,-1,-1,-1
24,4,1108.4044,66.5821,79.5879,224.0844,1,-1,-1,-1
25,4,1122.3649,69.9573,64.2047,219.7507,1,-1,-1,-1
26,4,1124.0063,68.5599,72.7641,221.5819,1,-1,-1,-1
27,4,1131.0894,69.3467,63.5983,221.7124,1,-1,-1,-1
28,4,1133.6693,65.7979,64.1924,221.9779,1,-1,-1,-1
29,4,1141.2467,66.6267,64.9099,220.3898,1,-1,-1,-1
30,4,1141.5857,67.7497,67.3326,220.8094,1,-1,-1,-1
31,4,1144.7748,68.9807,67.98,222.2901,1,-1,-1,-1
32,4,1144.1775,69.3399,74.3994,219.9784,1,-1,-1,-1
33,4,1141.6134,72.6603,83.6392,220.4914,1,-1,-1,-1
34,4,1140.6294,72.4173,94.5542,223.0348,1,-1,-1,-1
35,4,1136.5747,73.282,105.162,220.9482,1,-1,-1,-1
36,4,1136.3252,74.0812,107.9504,222.717,1,-1,-1,-1
37,4,1136.5095,71.8659,111.3737,225.2966,1,-1,-1,-1
38,4,1146.7842,73.1201,104.4066,223.4113,1,-1,-1,-1
39,4,1149.8586,72.8682,108.9976,224.287,1,-1,-1,-1
40,4,1153.621,74.341,112.6948,221.4252,1,-1,-1,-1
41,4,1164.1866,72.8596,106.4904,223.1446,1,-1,-1,-1
42,4,1206.4532,71.8748,69.2248,225.2361,1,-1,-1,-1
43,4,1188.464,74.1798,95.8536,222.1123,1,-1,-1,-1
44,4,1203.76,73.541,83.9314,210.9227,1,-1,-1,-1
45,4,1205.262,75.3057,87.6318,211.3114,1,-1,-1,-1
46,4,1216.2458,75.1143,80.6302,219.2936,1,-1,-1,-1
47,4,1217.2198,78.464,86.6338,217.8283,1,-1,-1,-1
48,4,1217.8516,79.4013,91.7852,214.6619,1,-1,-1,-1
49,4,1217.124,77.4245,96.5238,215.5612,1,-1,-1,-1
50,4,1217.182,78.5543,103.4232,219.7342,1,-1,-1,-1
51,4,1220.0953,77.0299,123.9618,230.1247,1,-1,-1,-1
52,4,1228.782,81.0002,114.8522,227.3879,1,-1,-1,-1
53,4,1238.8145,81.616,105.2579,227.9871,1,-1,-1,-1
54,4,1262.5541,80.9961,82.8699,227.7413,1,-1,-1,-1
55,4,1267.6848,79.4128,80.0791,229.8395,1,-1,-1,-1
56,5,871.6619,88.5104,74.7769,219.8469,1,-1,-1,-1
57,4,1286.4252,79.3544,71.9111,235.0647,1,-1,-1,-1
58,4,1283.0553,83.1661,78.8636,236.8056,1,-1,-1,-1
59,4,1290.2684,81.4021,76.1355,235.2095,1,-1,-1,-1
60,4,1289.3787,83.8498,80.0697,237.1177,1,-1,-1,-1
61,4,1293.9059,83.3717,86.8751,240.135,1,-1,-1,-1
62,4,1310.5311,86.5837,70.6609,225.8073,1,-1,-1,-1
63,4,1306.7163,84.8133,84.891,240.9663,1,-1,-1,-1
64,4,1307.4958,84.5318,93.6059,228.1463,1,-1,-1,-1
65,4,1306.811,89.183,104.8053,222.4354,1,-1,-1,-1
66,5,810.1634,90.0275,111.1806,222.586,1,-1,-1,-1
67,5,810.5981,90.4044,103.6369,222.073,1,-1,-1,-1
68,5,810.6069,89.1597,97.2812,224.3103,1,-1,-1,-1
69,5,806.8765,88.8729,93.2274,226.8912,1,-1,-1,-1
70,5,802.6638,85.8828,86.6298,227.3212,1,-1,-1,-1
71,5,798.822,85.3655,87.9875,224.1391,1,-1,-1,-1
72,5,789.7897,82.6353,85.8424,228.0497,1,-1,-1,-1
73,5,784.4603,81.3885,85.5108,230.4036,1,-1,-1,-1
74,5,782.5161,81.1266,81.5806,230.8008,1,-1,-1,-1
75,5,778.321,83.1533,83.389,228.3091,1,-1,-1,-1
76,5,774.0024,84.4225,85.9696,225.5821,1,-1,-1,-1
77,4,1375.965,92.0532,90.234,220.5461,1,-1,-1,-1
78,4,1384.4341,91.1755,89.2438,228.942,1,-1,-1,-1
79,4,1386.5073,93.6275,89.8523,224.4245,1,-1,-1,-1
80,4,1389.8995,98.0017,92.2502,219.1921,1,-1,-1,-1
81,4,1391.1577,98.8105,97.4982,220.6553,1,-1,-1,-1
82,4,1389.812,99.5046,102.4657,219.9923,1,-1,-1,-1
83,4,1390.5714,99.0581,111.2597,222.8499,1,-1,-1,-1
84,5,741.1381,85.5079,102.0255,227.7358,1,-1,-1,-1
85,5,740.379,88.4521,97.4239,224.6591,1,-1,-1,-1
86,5,738.7141,86.8542,92.1304,227.364,1,-1,-1,-1
87,5,728.846,85.0848,95.4393,228.5132,1,-1,-1,-1
88,5,719.0563,85.8915,95.4775,227.3281,1,-1,-1,-1
89,5,709.439,88.2158,99.1577,219.6289,1,-1,-1,-1
90,5,704.093,85.5023,98.6586,224.4964,1,-1,-1,-1
91,5,698.0978,85.101,106.0832,227.5512,1,-1,-1,-1
92,5,688.9435,85.5198,119.7237,232.4609,1,-1,-1,-1
93,5,677.8171,86.0858,132.4592,235.9336,1,-1,-1,-1
94,5,675.1099,86.7104,133.7054,232.2536,1,-1,-1,-1
95,5,673.8054,92.5896,133.242,225.0097,1,-1,-1,-1
96,5,671.6545,90.5999,132.6639,229.7731,1,-1,-1,-1
97,5,670.5497,91.336,131.1136,230.6559,1,-1,-1,-1
98,5,673.3577,91.4321,123.817,232.4881,1,-1,-1,-1
99,5,670.6757,92.6695,121.1981,231.0959,1,-1,-1,-1
100,5,671.5339,94.7443,116.1399,228.9545,1,-1,-1,-1
101,5,670.066,96.8326,106.368,227.2805,1,-1,-1,-1
102,5,667.4268,96.8655,99.1726,226.7372,1,-1,-1,-1
103,5,663.738,94.1912,93.0336,228.5086,1,-1,-1,-1
104,5,660.397,93.9514,85.2116,231.007,1,-1,-1,-1
105,5,665.2763,98.3133,71.0567,226.5917,1,-1,-1,-1
106,5,658.7874,97.574,72.1748,225.3077,1,-1,-1,-1
107,5,655.4397,98.1614,73.7511,224.4116,1,-1,-1,-1
108,5,647.37,93.2421,83.145,228.0338,1,-1,-1,-1
109,2,1724.7789,82.8542,77.0126,90.8136,1,-1,-1,-1
110,2,1730.1556,84.7981,73.1142,86.966,1,-1,-1,-1
111,2,1735.5005,86.9741,70.949,89.7934,1,-1,-1,-1
112,4,1563.9541,118.6487,75.5662,219.6319,1,-1,-1,-1
113,5,607.8926,97.0001,120.5645,227.0952,1,-1,-1,-1
114,2,1745.9532,93.5621,75.2065,85.5619,1,-1,-1,-1
115,5,605.3878,98.2811,115.1167,229.0778,1,-1,-1,-1
116,5,603.1087,96.7258,113.9891,231.0262,1,-1,-1,-1
117,4,1560.9872,119.9825,100.1296,218.4472,1,-1,-1,-1
118,8,809.7107,112.2001,89.7585,244.279,1,-1,-1,-1
119,5,598.9402,93.6293,90.0048,230.03,1,-1,-1,-1
120,5,593.643,88.6816,82.4042,231.4162,1,-1,-1,-1
121,5,584.8729,92.3969,72.1331,225.3592,1,-1,-1,-1
122,5,579.6292,86.3911,73.5524,235.1482,1,-1,-1,-1
123,5,574.528,85.6636,76.2363,239.2838,1,-1,-1,-1
124,4,571.5798,88.4042,76.6238,237.0406,1,-1,-1,-1
125,8,807.7463,105.3538,84.6158,246.2353,1,-1,-1,-1
126,8,803.7432,104.2319,86.8132,247.0231,1,-1,-1,-1
127,8,803.0438,102.5017,86.8457,249.843,1,-1,-1,-1
128,5,531.35,91.9467,115.8954,232.8081,1,-1,-1,-1
129,5,527.1968,93.1512,115.722,232.322,1,-1,-1,-1
130,8,795.8411,96.7279,89.3927,247.3255,1,-1,-1,-1
131,2,1808.3524,92.876,79.2584,160.0424,1,-1,-1,-1
132,6,1233.0796,239.229,143.7198,201.3337,1,-1,-1,-1
133,6,1226.4178,238.9481,148.6816,221.9305,1,-1,-1,-1
134,6,1236.9614,240.3006,145.6403,186.9242,1,-1,-1,-1
135,4,1590.3167,110.0497,90.8281,224.4263,1,-1,-1,-1
136,6,1239.2656,240.3972,146.2368,181.1106,1,-1,-1,-1
137,6,1231.7688,237.8045,145.1769,182.8947,1,-1,-1,-1
138,2,1843.1414,116.2902,55.5402,91.7628,1,-1,-1,-1
139,4,1583.1871,100.3122,91.0733,220.1156,1,-1,-1,-1
140,4,1580.8032,96.4647,91.728,217.5396,1,-1,-1,-1
141,4,1578.0317,95.4204,96.4331,209.672,1,-1,-1,-1
142,4,1577.5083,92.5378,95.803,211.2335,1,-1,-1,-1
143,4,1577.6409,90.7564,93.3125,212.5017,1,-1,-1,-1
144,5,431.1669,89.1973,136.9627,230.6396,1,-1,-1,-1
145,5,427.2859,89.2744,138.4927,234.3673,1,-1,-1,-1
146,5,420.9111,88.3687,136.675,231.4741,1,-1,-1,-1
147,5,418.7907,88.0956,130.1696,234.0165,1,-1,-1,-1
148,4,1575.4537,88.1811,87.3648,210.658,1,-1,-1,-1
149,5,414.2464,86.6607,119.3203,224.1493,1,-1,-1,-1
150,4,1568.7765,83.712,92.119,217.6711,1,-1,-1,-1
151,4,1568.0719,82.6165,90.9818,219.2835,1,-1,-1,-1
152,4,1567.4154,81.406,90.3081,221.1778,1,-1,-1,-1
153,5,407.8997,81.9565,87.4454,224.8366,1,-1,-1,-1
154,4,1567.9883,86.2467,83.5521,201.5425,1,-1,-1,-1
155,5,402.0779,81.1382,92.7384,226.2765,1,-1,-1,-1
156,5,385.514,81.997,105.6453,225.9087,1,-1,-1,-1
157,5,379.8125,85.211,112.7148,223.571,1,-1,-1,-1
158,5,376.3352,86.9941,116.811,220.8212,1,-1,-1,-1
159,5,373.547,88.8222,120.0263,221.6308,1,-1,-1,-1
160,5,370.152,88.049,123.3663,224.5744,1,-1,-1,-1
161,5,367.5417,87.103,121.8486,225.9186,1,-1,-1,-1
162,5,357.0047,86.9439,126.3177,223.6973,1,-1,-1,-1
163,5,350.4089,87.8813,130.5221,221.0297,1,-1,-1,-1
164,5,342.8773,86.7861,133.6825,224.1631,1,-1,-1,-1
165,5,334.3638,90.3688,128.849,222.5862,1,-1,-1,-1
166,5,329.121,89.0577,126.6657,221.3625,1,-1,-1,-1
167,5,324.3781,87.8805,122.5086,222.2373,1,-1,-1,-1
168,5,322.7115,83.89,109.2929,225.8448,1,-1,-1,-1
169,5,319.9414,86.0701,96.69,229.1672,1,-1,-1,-1
170,5,317.703,92.3191,95.1233,220.2315,1,-1,-1,-1
171,5,315.844,97.351,93.7162,214.2155,1,-1,-1,-1
172,5,313.113,100.907,96.063,209.3031,1,-1,-1,-1
173,5,310.3837,94.3587,102.6153,216.5204,1,-1,-1,-1
174,5,303.7077,97.3547,108.9342,213.1438,1,-1,-1,-1
175,5,299.398,101.4912,109.8509,205.9932,1,-1,-1,-1
176,5,302.6967,97.062,105.2328,210.2669,1,-1,-1,-1
177,5,302.2632,92.2286,102.587,216.1455,1,-1,-1,-1
178,5,299.9305,86.8222,100.6805,220.9247,1,-1,-1,-1
179,5,298.3797,89.1759,93.8841,215.7217,1,-1,-1,-1
180,5,299.609,86.6587,76.0159,207.5543,1,-1,-1,-1
181,5,298.6441,83.3889,70.924,213.2807,1,-1,-1,-1
182,5,294.9419,81.1896,68.6029,218.2615,1,-1,-1,-1
183,5,295.5423,86.5105,65.4554,214.8527,1,-1,-1,-1
184,5,292.6848,79.9982,68.7761,214.8557,1,-1,-1,-1
185,5,294.9704,90.7145,65.5496,205.7828,1,-1,-1,-1
186,5,296.3442,105.0114,63.8365,191.748,1,-1,-1,-1
187,5,294.7908,110.9566,63.8903,183.0267,1,-1,-1,-1
188,5,295.3284,121.6541,63.9726,172.4801,1,-1,-1,-1
189,5,300.3043,137.8147,60.5127,155.0621,1,-1,-1,-1
190,1,1812.884,31.6173,61.3167,131.8087,1,-1,-1,-1
191,1,1811.9227,34.3727,61.997,128.8417,1,-1,-1,-1
192,1,1809.145,33.6115,65.6623,130.0852,1,-1,-1,-1
193,1,1810.561,34.5063,64.7438,130.9066,1,-1,-1,-1
194,1,1810.6393,34.0115,65.3761,130.6597,1,-1,-1,-1
195,1,1809.524,33.6109,66.0284,131.4948,1,-1,-1,-1
196,1,1809.0376,34.3302,66.9011,131.25,1,-1,-1,-1
197,1,1809.3632,33.7042,67.0123,131.1421,1,-1,-1,-1
198,1,1808.2815,32.6973,68.0026,131.6592,1,-1,-1,-1
199,1,1811.5967,35.0932,64.7508,129.6348,1,-1,-1,-1
200,1,1810.5139,32.7683,65.1884,131.3768,1,-1,-1,-1
201,1,1809.7333,34.4041,65.4653,130.1233,1,-1,-1,-1
202,1,1810.1991,34.9858,65.1186,128.9854,1,-1,-1,-1
203,1,1810.1899,35.954,65.0656,128.98,1,-1,-1,-1
204,1,1809.5356,35.5959,65.367,128.0686,1,-1,-1,-1
205,1,1811.114,32.041,64.1703,132.349,1,-1,-1,-1
206,1,1810.4755,34.0853,64.8922,130.0305,1,-1,-1,-1
207,1,1811.2101,35.0766,63.8952,128.7738,1,-1,-1,-1
208,1,1811.231,35.8238,63.9381,128.4129,1,-1,-1,-1
209,1,1811.3104,39.3394,64.0423,125.4034,1,-1,-1,-1
210,1,1811.1874,32.7511,63.9936,131.644,1,-1,-1,-1
211,1,1812.6056,35.1671,62.2826,129.1037,1,-1,-1,-1
1,5,1140.3409,122.6538,102.5345,222.9867,1,-1,-1,-1
2,5,1141.3138,119.939,94.9207,225.4416,1,-1,-1,-1
3,5,1137.3822,121.4673,95.4825,229.2576,1,-1,-1,-1
4,5,1137.0487,125.4672,94.5512,222.4208,1,-1,-1,-1
5,5,1135.6588,136.069,92.2221,210.9002,1,-1,-1,-1
6,5,1135.8473,128.968,86.681,218.179,1,-1,-1,-1
7,5,1131.5198,123.0234,86.0047,219.1899,1,-1,-1,-1
8,5,1124.7405,119.0763,84.5508,220.6445,1,-1,-1,-1
9,5,1127.7544,123.6178,70.3206,207.2958,1,-1,-1,-1
10,5,1116.5735,126.6523,74.4104,202.6132,1,-1,-1,-1
11,5,1115.4364,116.9506,68.7405,207.209,1,-1,-1,-1
12,5,1112.3646,118.8144,69.2047,206.4481,1,-1,-1,-1
13,5,1107.845,116.2946,69.4823,150.7972,1,-1,-1,-1
14,6,1201.2574,234.9688,112.6816,258.4696,1,-1,-1,-1
15,6,1208.2904,229.3812,101.5845,245.9183,1,-1,-1,-1
16,5,1056.6431,95.2694,104.2287,232.6979,1,-1,-1,-1
17,6,1222.4121,230.9882,81.7361,159.2574,1,-1,-1,-1
18,5,1044.9865,105.2869,116.9195,222.5542,1,-1,-1,-1
19,6,1224.3558,233.0167,74.939,157.4929,1,-1,-1,-1
20,5,1024.0118,102.1085,123.8283,220.1884,1,-1,-1,-1
21,5,1022.003,97.4295,122.4389,227.5989,1,-1,-1,-1
22,5,1021.8585,95.9647,117.8509,228.7745,1,-1,-1,-1
23,5,1021.9597,98.6033,106.1271,223.3473,1,-1,-1,-1
24,5,1025.7686,99.9359,95.326,221.4895,1,-1,-1,-1
25,5,1033.6786,102.1803,76.6833,216.132,1,-1,-1,-1
26,5,1032.6962,101.0308,74.3724,215.6624,1,-1,-1,-1
27,5,1025.3755,98.3931,75.4582,214.7447,1,-1,-1,-1
28,5,1023.8592,95.1682,73.0621,221.7464,1,-1,-1,-1
29,5,1020.8484,97.7769,71.8036,227.6337,1,-1,-1,-1
30,5,1014.5685,98.6242,72.1127,220.2096,1,-1,-1,-1
31,5,1009.5717,99.4615,73.2028,218.4866,1,-1,-1,-1
32,5,994.3378,98.3149,88.8543,230.2401,1,-1,-1,-1
33,5,980.9172,101.336,100.8417,251.0702,1,-1,-1,-1
34,5,981.305,100.878,102.0707,222.4577,1,-1,-1,-1
35,5,969.5152,99.9027,117.9167,225.7709,1,-1,-1,-1
36,5,959.702,99.2648,121.9843,225.77,1,-1,-1,-1
37,5,960.3195,101.0771,111.1698,220.8924,1,-1,-1,-1
38,5,961.124,100.0201,93.223,219.4443,1,-1,-1,-1
39,5,959.9272,95.7404,82.6128,219.3962,1,-1,-1,-1
40,5,955.8533,99.1436,73.851,213.2536,1,-1,-1,-1
41,5,953.5677,97.3738,71.3128,220.833,1,-1,-1,-1
42,5,946.6575,96.8036,72.6975,217.6927,1,-1,-1,-1
43,5,943.2087,94.0413,68.9578,218.8902,1,-1,-1,-1
44,5,933.8532,94.3744,71.5978,219.1072,1,-1,-1,-1
45,5,918.6424,91.2834,81.5025,223.4246,1,-1,-1,-1
46,5,909.4619,92.0331,88.6336,223.9535,1,-1,-1,-1
47,5,896.3946,93.3734,98.0869,222.1754,1,-1,-1,-1
48,5,888.6368,95.2754,103.3475,220.8924,1,-1,-1,-1
49,5,884.1148,94.4213,109.409,223.596,1,-1,-1,-1
50,5,881.2891,93.4597,114.2766,222.5764,1,-1,-1,-1
51,5,880.1065,94.8152,113.4734,221.3134,1,-1,-1,-1
52,5,877.039,93.2698,109.7311,223.9672,1,-1,-1,-1
53,5,874.5488,90.8285,102.1181,226.7671,1,-1,-1,-1
54,5,875.0724,88.6602,97.3589,227.0337,1,-1,-1,-1
55,5,874.2973,86.212,88.7191,226.7219,1,-1,-1,-1
56,5,1283.4352,91.0723,63.4071,225.2951,1,-1,-1,-1
57,5,865.7942,87.457,71.9473,218.3807,1,-1,-1,-1
58,5,863.5393,86.3013,67.3936,216.5419,1,-1,-1,-1
59,5,850.166,82.1636,81.3985,225.9527,1,-1,-1,-1
60,5,843.1363,84.0948,89.7,223.3672,1,-1,-1,-1
61,5,836.6184,86.3583,99.7682,223.808,1,-1,-1,-1
62,5,829.0599,89.0017,107.0139,221.0888,1,-1,-1,-1
63,5,820.2748,88.1574,112.852,221.3904,1,-1,-1,-1
64,5,815.51,88.624,113.7326,220.6631,1,-1,-1,-1
65,5,812.3268,89.4979,114.659,222.8538,1,-1,-1,-1
66,4,1305.8541,90.2471,113.3717,219.5155,1,-1,-1,-1
67,4,1306.7239,92.2827,117.4679,218.9013,1,-1,-1,-1
68,4,1307.2046,92.0076,121.6296,224.2194,1,-1,-1,-1
69,4,1308.4427,95.6231,123.5118,216.981,1,-1,-1,-1
70,4,1315.2185,95.9054,121.8981,216.9433,1,-1,-1,-1
71,4,1319.3865,93.6537,117.6159,220.8757,1,-1,-1,-1
72,4,1326.8561,94.0821,114.7353,223.2037,1,-1,-1,-1
73,4,1334.8969,94.3438,109.8406,221.93,1,-1,-1,-1
74,4,1346.575,93.4801,101.1531,223.1755,1,-1,-1,-1
75,4,1358.1208,92.6471,95.8819,222.2801,1,-1,-1,-1
76,4,1371.6395,91.5102,90.5476,223.1086,1,-1,-1,-1
77,8,882.7864,199.1595,113.6734,224.3637,1,-1,-1,-1
78,8,879.8905,197.3073,113.0574,198.5171,1,-1,-1,-1
79,8,878.6848,195.7647,112.8523,201.3732,1,-1,-1,-1
80,8,867.5334,191.2889,118.5599,227.3557,1,-1,-1,-1
81,8,867.9441,190.541,109.9449,212.7742,1,-1,-1,-1
82,8,866.596,189.816,109.2815,203.1763,1,-1,-1,-1
83,8,867.1017,188.5089,107.3824,204.2864,1,-1,-1,-1
84,4,1392.0062,101.1112,115.2243,223.261,1,-1,-1,-1
85,4,1393.2202,103.5706,116.0324,221.762,1,-1,-1,-1
86,4,1396.2115,106.052,121.0149,219.0324,1,-1,-1,-1
87,4,1400.6129,110.532,119.0823,216.5853,1,-1,-1,-1
88,4,1408.863,111.8882,113.2145,212.8945,1,-1,-1,-1
89,4,1417.2983,111.5617,114.5319,212.5734,1,-1,-1,-1
90,4,1429.681,111.3511,108.333,211.9499,1,-1,-1,-1
91,4,1439.193,108.8341,109.654,214.5151,1,-1,-1,-1
92,4,1446.6202,108.3122,108.8612,217.187,1,-1,-1,-1
93,4,1464.2892,109.1106,97.4086,216.4597,1,-1,-1,-1
94,4,1470.6229,108.1027,91.8156,219.9205,1,-1,-1,-1
95,4,1473.5508,110.718,95.0602,217.887,1,-1,-1,-1
96,4,1478.3641,110.7691,94.9115,218.854,1,-1,-1,-1
97,4,1477.6709,110.781,104.4531,214.7386,1,-1,-1,-1
98,4,1476.5765,106.7936,114.462,220.5099,1,-1,-1,-1
99,4,1478.5394,109.5524,117.9953,217.0841,1,-1,-1,-1
100,4,1479.3938,114.667,123.1057,212.9466,1,-1,-1,-1
101,4,1484.6899,116.0616,121.533,218.4856,1,-1,-1,-1
102,4,1488.173,115.9214,124.4986,223.5426,1,-1,-1,-1
103,4,1499.3452,120.8042,116.9603,221.2556,1,-1,-1,-1
104,4,1508.6136,121.1029,109.6481,218.3764,1,-1,-1,-1
105,4,1522.6375,119.5915,96.6409,218.6485,1,-1,-1,-1
106,4,1529.3733,119.0865,93.103,218.7817,1,-1,-1,-1
107,4,1541.3748,120.5309,79.0274,215.2454,1,-1,-1,-1
108,4,1551.605,120.3748,72.5051,215.3868,1,-1,-1,-1
109,5,628.4456,97.1491,101.2059,227.8902,1,-1,-1,-1
110,5,617.4277,98.0273,113.222,227.706,1,-1,-1,-1
111,5,609.3613,97.9069,122.2308,228.9453,1,-1,-1,-1
112,8,811.1681,125.8053,91.4004,231.4999,1,-1,-1,-1
113,4,1556.9902,115.8842,91.9151,223.9859,1,-1,-1,-1
114,5,605.5333,97.2172,121.4427,227.3131,1,-1,-1,-1
115,4,1559.0836,117.5177,95.0849,221.2916,1,-1,-1,-1
116,8,809.5383,116.1987,90.7797,240.4832,1,-1,-1,-1
117,6,1226.8087,237.421,131.5846,236.4847,1,-1,-1,-1
118,4,1562.8529,120.4049,104.1835,217.9255,1,-1,-1,-1
119,8,807.8538,110.2389,90.2987,241.9986,1,-1,-1,-1
120,8,809.1687,110.1308,88.0777,242.4512,1,-1,-1,-1
121,8,807.2618,109.8732,89.2979,243.3056,1,-1,-1,-1
122,8,808.0699,109.2545,86.2223,243.6198,1,-1,-1,-1
123,8,808.1889,107.8688,85.5787,244.8752,1,-1,-1,-1
124,8,809.0286,106.3618,83.5367,244.756,1,-1,-1,-1
125,4,1581.5673,118.6402,99.3967,219.3545,1,-1,-1,-1
126,4,1582.8706,118.383,100.1001,220.6615,1,-1,-1,-1
127,4,1583.3666,118.456,101.5039,219.6638,1,-1,-1,-1
128,8,800.5707,100.7311,86.9908,250.2336,1,-1,-1,-1
129,8,797.2119,98.5706,89.0357,249.4406,1,-1,-1,-1
130,4,1586.8885,115.4154,100.9122,222.8348,1,-1,-1,-1
131,8,795.7115,93.9324,87.9108,240.2885,1,-1,-1,-1
132,7,1443.2904,313.1111,128.691,265.5337,1,-1,-1,-1
133,7,1445.0869,313.5396,129.0958,261.5277,1,-1,-1,-1
134,7,1441.7878,312.9861,131.2514,264.3662,1,-1,-1,-1
135,2,1829.8783,112.2702,55.9215,93.9181,1,-1,-1,-1
136,7,1439.5322,315.1194,133.6695,260.8017,1,-1,-1,-1
137,7,1438.0216,312.9409,135.7012,264.9393,1,-1,-1,-1
138,6,1235.5024,239.7577,143.86,182.4617,1,-1,-1,-1
139,6,1239.5529,240.3967,149.6322,185.6096,1,-1,-1,-1
140,2,1851.3466,122.0305,55.2685,86.5645,1,-1,-1,-1
141,2,1855.7889,119.1845,53.7154,88.7541,1,-1,-1,-1
142,2,1859.1757,122.4832,51.4246,84.2335,1,-1,-1,-1
143,2,1863.3068,127.4067,49.4229,80.3567,1,-1,-1,-1
144,2,1866.4882,130.123,49.2137,83.5991,1,-1,-1,-1
145,2,1867.4792,126.0032,51.6325,90.8345,1,-1,-1,-1
146,2,1872.2072,129.351,47.7928,89.9872,1,-1,-1,-1
147,2,1872.887,127.5047,47.113,100.5256,1,-1,-1,-1
148,2,1879.6245,133.2832,40.3755,90.0354,1,-1,-1,-1
149,2,1881.3466,134.3563,38.6534,92.6502,1,-1,-1,-1
150,2,1883.1945,136.457,36.8055,82.4581,1,-1,-1,-1
151,2,1887.7299,139.0916,32.2537,80.2382,1,-1,-1,-1
152,2,1890.2648,140.318,29.7148,81.4036,1,-1,-1,-1
153,6,1230.2568,239.8246,147.4919,218.8878,1,-1,-1,-1
154,6,1224.3488,236.6164,155.6855,240.198,1,-1,-1,-1
155,6,1223.3245,239.1656,151.0149,234.3325,1,-1,-1,-1
156,6,1222.5602,238.5128,153.8924,239.759,1,-1,-1,-1
157,6,1230.3241,239.725,167.8405,238.4514,1,-1,-1,-1
158,6,1231.6416,239.3848,161.9927,230.2583,1,-1,-1,-1
159,6,1226.1429,237.8193,159.9474,234.1805,1,-1,-1,-1
160,6,1228.3026,237.7878,168.801,234.3022,1,-1,-1,-1
161,6,1207.1116,236.4287,177.9288,262.2145,1,-1,-1,-1
162,6,1210.049,236.4199,164.7254,248.4632,1,-1,-1,-1
163,6,1211.988,236.9088,164.7859,246.7791,1,-1,-1,-1
164,6,1201.6713,236.3861,173.3399,267.3352,1,-1,-1,-1
165,6,1202.8649,235.9272,165.2276,268.3865,1,-1,-1,-1
166,6,1204.3361,236.7738,163.759,281.3416,1,-1,-1,-1
167,6,1212.9951,238.3895,153.3579,247.6284,1,-1,-1,-1
168,6,1215.2643,238.861,140.6166,249.2398,1,-1,-1,-1
169,6,1214.1752,239.5976,137.8928,250.5674,1,-1,-1,-1
170,6,1215.851,239.7444,134.4896,242.9643,1,-1,-1,-1
171,6,1206.4297,244.2153,142.0582,269.172,1,-1,-1,-1
172,6,1208.3778,242.1439,138.7601,257.877,1,-1,-1,-1
173,6,1211.1725,238.0377,140.4093,260.3616,1,-1,-1,-1
174,6,1206.7844,243.7392,139.8097,264.1031,1,-1,-1,-1
175,6,1210.5997,237.5743,134.8631,281.1144,1,-1,-1,-1
176,6,1208.125,237.1351,145.5681,297.3769,1,-1,-1,-1
177,6,1213.5486,236.2361,131.2208,280.1863,1,-1,-1,-1
178,6,1212.2806,236.1261,133.4782,300.8188,1,-1,-1,-1
179,6,1212.1204,238.0353,120.3795,274.6988,1,-1,-1,-1
180,6,1218.5491,235.331,120.1725,254.2238,1,-1,-1,-1
181,6,1217.5149,235.9121,115.6995,251.5621,1,-1,-1,-1
182,6,1213.5911,234.7816,121.0427,257.4564,1,-1,-1,-1
183,6,1208.3792,234.9658,111.029,258.3477,1,-1,-1,-1
184,6,1205.9613,233.5507,113.174,260.7144,1,-1,-1,-1
185,6,1212.1538,233.5424,103.15,257.0325,1,-1,-1,-1
186,6,1210.8898,232.7523,105.7069,260.4652,1,-1,-1,-1
187,6,1204.5569,234.3084,112.0731,258.0344,1,-1,-1,-1
188,6,1204.267,233.2106,113.5609,259.1077,1,-1,-1,-1
189,6,1204.4111,232.143,112.4153,261.0143,1,-1,-1,-1
190,5,301.2314,157.6148,58.0368,135.2135,1,-1,-1,-1
191,5,303.8715,163.8792,54.5147,131.4,1,-1,-1,-1
192,6,1204.1,231.3162,106.5248,265.8588,1,-1,-1,-1
193,6,1202.1519,229.129,112.0972,262.5531,1,-1,-1,-1
194,6,1202.5492,228.6285,109.8466,264.4055,1,-1,-1,-1
195,6,1203.1758,227.4729,109.4107,263.6846,1,-1,-1,-1
196,6,1202.1041,229.713,108.6618,259.7248,1,-1,-1,-1
197,6,1202.1301,230.1978,107.5307,260.8756,1,-1,-1,-1
198,6,1197.392,231.5188,108.0468,256.7662,1,-1,-1,-1
199,6,1200.402,232.0812,109.6318,257.3501,1,-1,-1,-1
200,6,1197.8936,231.293,108.8933,256.7505,1,-1,-1,-1
201,6,1202.0613,231.7516,107.7926,257.0743,1,-1,-1,-1
202,6,1201.8662,230.6816,107.8556,259.3543,1,-1,-1,-1
203,6,1202.1472,230.1173,108.0044,259.8288,1,-1,-1,-1
204,6,1199.027,229.2388,108.2038,260.6326,1,-1,-1,-1
205,6,1199.9481,230.1026,105.6126,261.7044,1,-1,-1,-1
206,6,1202.5808,230.8761,105.8192,259.8818,1,-1,-1,-1
207,6,1200.0123,228.9518,103.6106,262.0455,1,-1,-1,-1
208,6,1200.0823,228.5395,104.1911,263.4333,1,-1,-1,-1
209,6,1199.8231,228.513,104.4516,262.5428,1,-1,-1,-1
210,6,1199.5709,228.1072,106.1188,262.3437,1,-1,-1,-1
211,6,1199.5808,227.6231,104.7068,263.9013,1,-1,-1,-1
1,6,1207.7092,230.601,94.3881,265.5478,1,-1,-1,-1
2,6,1207.3545,229.517,101.9475,263.8438,1,-1,-1,-1
3,6,1208.2548,229.3298,100.0078,264.6457,1,-1,-1,-1
4,6,1206.0651,229.8321,102.7476,269.3635,1,-1,-1,-1
5,6,1205.1421,230.9422,104.5481,264.169,1,-1,-1,-1
6,6,1205.1742,231.0387,106.4048,262.1692,1,-1,-1,-1
7,6,1204.41,230.5582,107.7043,263.7776,1,-1,-1,-1
8,6,1204.0687,230.6153,107.463,267.8863,1,-1,-1,-1
9,6,1204.7108,231.9506,106.2232,268.1235,1,-1,-1,-1
10,6,1190.6788,223.9692,112.8205,393.9659,1,-1,-1,-1
11,6,1179.562,225.2393,126.5772,393.3783,1,-1,-1,-1
12,6,1163.4716,230.841,148.1001,374.5707,1,-1,-1,-1
13,6,1204.012,235.0587,106.7202,258.2049,1,-1,-1,-1
14,7,1446.0396,313.2112,121.2951,263.2555,1,-1,-1,-1
15,7,1446.9587,313.0372,120.6468,262.9834,1,-1,-1,-1
16,6,1221.4536,229.963,85.3507,202.9329,1,-1,-1,-1
17,7,1444.8451,313.2499,123.0006,262.7829,1,-1,-1,-1
18,6,1223.9855,233.7325,76.6617,156.2408,1,-1,-1,-1
19,7,1445.6362,313.0013,123.0537,262.6985,1,-1,-1,-1
20,6,1225.0941,233.0238,73.6979,159.2449,1,-1,-1,-1
21,6,1225.932,232.9632,71.9732,160.2291,1,-1,-1,-1
22,6,1227.526,231.0027,74.7434,158.8337,1,-1,-1,-1
23,6,1227.2979,230.965,77.4399,213.0934,1,-1,-1,-1
24,6,1225.3722,231.7816,79.8301,227.3075,1,-1,-1,-1
25,6,1224.8585,229.7644,83.7486,242.3802,1,-1,-1,-1
26,6,1224.6342,229.8398,87.1555,241.8399,1,-1,-1,-1
27,6,1227.2146,231.1325,88.2061,234.1419,1,-1,-1,-1
28,6,1226.2621,230.0024,98.4136,231.2228,1,-1,-1,-1
29,6,1226.525,229.99,96.3333,235.9918,1,-1,-1,-1
30,6,1225.967,229.803,103.9358,232.7685,1,-1,-1,-1
31,6,1221.2083,230.9646,92.0639,252.9738,1,-1,-1,-1
32,6,1219.2314,231.2105,93.6132,253.5466,1,-1,-1,-1
33,6,1206.6832,224.6455,121.5119,348.7514,1,-1,-1,-1
34,6,1204.9622,230.4418,116.8643,285.7064,1,-1,-1,-1
35,6,1208.2528,228.8073,111.5532,263.7322,1,-1,-1,-1
36,6,1208.1398,228.0561,118.7391,282.4209,1,-1,-1,-1
37,6,1206.0493,231.3575,121.8244,266.7224,1,-1,-1,-1
38,6,1198.97,231.2641,132.6449,266.2151,1,-1,-1,-1
39,6,1201.5166,228.5083,131.7809,265.4113,1,-1,-1,-1
40,6,1197.1227,229.9807,130.9956,261.2477,1,-1,-1,-1
41,6,1198.5146,229.4063,125.5871,262.0751,1,-1,-1,-1
42,6,1200.8097,228.5656,125.9109,261.0018,1,-1,-1,-1
43,6,1196.8416,230.3877,131.3563,263.0637,1,-1,-1,-1
44,6,1199.3488,228.8437,125.0551,265.0614,1,-1,-1,-1
45,6,1200.2135,228.8727,129.5283,263.2711,1,-1,-1,-1
46,6,1200.4337,230.3716,133.0917,261.5077,1,-1,-1,-1
47,6,1197.962,234.0676,130.9208,252.6901,1,-1,-1,-1
48,6,1201.4928,230.2483,123.454,258.3868,1,-1,-1,-1
49,6,1196.6592,239.5184,122.7352,244.7055,1,-1,-1,-1
50,6,1204.1438,244.2796,110.1018,242.7885,1,-1,-1,-1
51,6,1204.1794,243.477,112.6123,241.5039,1,-1,-1,-1
52,6,1203.1102,230.0999,126.7074,256.2157,1,-1,-1,-1
53,6,1197.9117,229.4072,131.7443,267.8448,1,-1,-1,-1
54,6,1198.527,230.0372,129.1583,258.0963,1,-1,-1,-1
55,6,1199.1633,232.9401,127.5976,253.1934,1,-1,-1,-1
56,6,1198.3951,232.3617,126.4725,257.1584,1,-1,-1,-1
57,6,1199.2416,231.245,126.4795,270.0391,1,-1,-1,-1
58,6,1197.9852,232.3565,125.7805,257.405,1,-1,-1,-1
59,6,1198.0547,231.6896,128.7115,266.7753,1,-1,-1,-1
60,6,1198.1307,231.2789,127.9334,260.2968,1,-1,-1,-1
61,6,1195.8333,232.8647,132.9201,256.3355,1,-1,-1,-1
62,8,939.6741,228.8284,117.8915,293.376,1,-1,-1,-1
63,8,931.1401,226.9345,122.2697,286.0713,1,-1,-1,-1
64,8,924.9977,225.5456,126.3454,284.7071,1,-1,-1,-1
65,8,912.732,229.7529,133.9493,283.5211,1,-1,-1,-1
66,8,912.345,225.4458,124.8377,284.506,1,-1,-1,-1
67,8,908.5336,224.3533,125.4289,284.9038,1,-1,-1,-1
68,8,905.8804,222.3586,124.4637,289.4664,1,-1,-1,-1
69,8,901.4142,221.8195,126.7649,290.9036,1,-1,-1,-1
70,8,898.3867,221.409,128.0879,289.3122,1,-1,-1,-1
71,8,897.6175,219.5247,125.9922,289.6297,1,-1,-1,-1
72,8,892.2341,217.5482,119.7594,285.7096,1,-1,-1,-1
73,8,894.334,211.592,129.0958,293.5531,1,-1,-1,-1
74,8,889.0071,208.1562,118.9635,296.8692,1,-1,-1,-1
75,8,886.1694,204.47,119.1894,295.6931,1,-1,-1,-1
76,8,884.7078,201.8557,115.4704,249.2314,1,-1,-1,-1
77,6,1201.8776,232.2599,150.1779,263.3885,1,-1,-1,-1
78,6,1205.9663,233.1372,148.0609,259.4589,1,-1,-1,-1
79,6,1207.1556,232.3071,144.8003,257.6515,1,-1,-1,-1
80,6,1207.3612,231.9609,146.5042,257.8865,1,-1,-1,-1
81,6,1209.0901,231.1926,140.162,258.8352,1,-1,-1,-1
82,6,1208.239,231.8299,143.2317,258.0664,1,-1,-1,-1
83,6,1208.3597,232.7486,145.4434,257.7593,1,-1,-1,-1
84,8,865.1662,186.6489,106.5719,204.9308,1,-1,-1,-1
85,8,862.8067,184.7823,105.4011,205.7983,1,-1,-1,-1
86,8,860.5727,184.2668,105.6885,205.4152,1,-1,-1,-1
87,8,860.5821,184.3288,99.308,207.3872,1,-1,-1,-1
88,8,852.1083,180.7216,105.0211,209.58,1,-1,-1,-1
89,8,850.8921,177.996,101.4858,214.057,1,-1,-1,-1
90,8,849.1823,175.4866,99.4495,214.5024,1,-1,-1,-1
91,8,845.9626,173.515,99.3894,215.4247,1,-1,-1,-1
92,8,843.3524,171.114,97.5393,214.7535,1,-1,-1,-1
93,8,839.8391,169.184,97.7093,216.0965,1,-1,-1,-1
94,8,830.2741,166.7361,108.2046,213.7536,1,-1,-1,-1
95,8,833.1597,163.9381,101.7043,215.6688,1,-1,-1,-1
96,8,828.8359,159.7698,103.3475,220.8301,1,-1,-1,-1
97,8,826.9523,154.2693,102.1718,218.5069,1,-1,-1,-1
98,8,825.0674,152.189,101.7029,218.6383,1,-1,-1,-1
99,8,823.8116,151.1731,101.2929,220.6655,1,-1,-1,-1
100,8,820.1189,147.7177,101.9658,223.4195,1,-1,-1,-1
101,8,817.8238,146.7202,102.899,216.8354,1,-1,-1,-1
102,8,816.2103,146.7448,103.4105,215.2937,1,-1,-1,-1
103,8,815.4326,145.9512,101.6301,217.8779,1,-1,-1,-1
104,8,813.5422,145.9258,100.2143,215.5686,1,-1,-1,-1
105,8,813.4175,143.6787,101.5375,216.1146,1,-1,-1,-1
106,8,814.2132,143.005,99.3063,215.5599,1,-1,-1,-1
107,8,812.6041,141.0262,98.8412,218.3245,1,-1,-1,-1
108,8,810.4562,137.9083,101.2202,219.6649,1,-1,-1,-1
109,4,1556.4114,119.6263,71.1434,219.4583,1,-1,-1,-1
110,4,1563.3236,120.2947,71.0432,218.7107,1,-1,-1,-1
111,4,1562.7203,118.4409,74.5988,221.5749,1,-1,-1,-1
112,6,1229.1324,239.1948,121.8714,235.0684,1,-1,-1,-1
113,8,809.9367,123.0866,91.5453,230.7043,1,-1,-1,-1
114,4,1557.8979,117.2368,93.9224,223.2884,1,-1,-1,-1
115,8,809.6485,118.1322,90.6542,236.196,1,-1,-1,-1
116,4,1559.9103,118.4017,99.0818,221.0483,1,-1,-1,-1
117,7,1446.3381,315.9277,129.5164,261.1158,1,-1,-1,-1
118,6,1233.7152,239.4387,117.7186,192.0569,1,-1,-1,-1
119,4,1569.0568,122.6682,99.1611,213.8438,1,-1,-1,-1
120,4,1571.9762,122.0984,98.8914,215.1476,1,-1,-1,-1
121,4,1574.1609,121.4871,99.4432,217.123,1,-1,-1,-1
122,4,1576.0421,120.4737,99.9915,217.5868,1,-1,-1,-1
123,4,1577.7482,120.7989,98.929,217.6597,1,-1,-1,-1
124,4,1580.1642,120.3192,97.7887,217.9368,1,-1,-1,-1
125,6,1224.8647,238.9799,150.2692,214.135,1,-1,-1,-1
126,6,1224.0416,238.9108,151.0736,210.8303,1,-1,-1,-1
127,6,1226.3883,238.3919,150.2893,194.388,1,-1,-1,-1
128,4,1584.1093,117.1464,102.3112,221.1013,1,-1,-1,-1
129,4,1585.3409,116.0475,101.8321,222.0136,1,-1,-1,-1
130,6,1226.9966,236.8262,154.1854,227.3451,1,-1,-1,-1
131,4,1589.1588,116.0871,99.3234,219.002,1,-1,-1,-1
135,6,1237.0649,240.241,146.8982,187.3423,1,-1,-1,-1
138,7,1437.1898,313.4527,135.6507,263.8651,1,-1,-1,-1
139,7,1437.6899,316.7104,133.4352,259.7065,1,-1,-1,-1
140,6,1235.6422,240.0095,155.6322,218.7778,1,-1,-1,-1
141,6,1238.2607,240.8987,150.9982,212.1036,1,-1,-1,-1
142,6,1235.9619,242.1367,150.3819,196.0807,1,-1,-1,-1
143,6,1232.4161,240.0138,141.5191,223.439,1,-1,-1,-1
144,6,1233.3123,242.5726,153.4146,204.3291,1,-1,-1,-1
145,6,1230.8014,240.5036,151.7679,218.7502,1,-1,-1,-1
146,6,1231.1318,240.3044,147.2868,222.4975,1,-1,-1,-1
147,6,1237.8035,241.4056,148.7711,210.9686,1,-1,-1,-1
148,6,1239.6534,241.469,144.9701,203.354,1,-1,-1,-1
149,6,1239.3121,240.7923,150.8769,204.6709,1,-1,-1,-1
150,6,1240.0311,241.2265,149.0408,205.9603,1,-1,-1,-1
151,6,1235.7947,237.9952,144.7232,228.8982,1,-1,-1,-1
152,6,1224.458,239.9592,151.6261,231.4563,1,-1,-1,-1
153,7,1437.4547,311.537,129.0878,265.2806,1,-1,-1,-1
154,7,1437.7179,311.172,128.7765,266.1143,1,-1,-1,-1
155,7,1437.46,311.3109,128.0162,265.8363,1,-1,-1,-1
156,7,1438.127,307.5754,126.789,265.9006,1,-1,-1,-1
157,7,1437.2994,310.709,127.5691,268.3638,1,-1,-1,-1
158,7,1437.2888,310.7806,126.9387,267.8999,1,-1,-1,-1
159,7,1440.0085,307.509,122.6187,265.7589,1,-1,-1,-1
160,7,1440.4886,308.0478,121.4092,264.2777,1,-1,-1,-1
161,7,1440.0209,307.3476,120.6787,265.2969,1,-1,-1,-1
162,7,1434.6736,306.7571,124.6258,264.6761,1,-1,-1,-1
163,7,1433.4941,305.3603,125.6176,267.1516,1,-1,-1,-1
164,7,1433.608,306.0307,124.0135,264.9652,1,-1,-1,-1
165,7,1437.6119,305.1447,121.6256,266.5343,1,-1,-1,-1
166,7,1437.5494,303.9526,121.1293,267.7032,1,-1,-1,-1
167,7,1430.4731,306.7849,128.9194,271.307,1,-1,-1,-1
168,7,1430.5321,301.2324,128.1105,269.8679,1,-1,-1,-1
169,7,1432.0334,302.8777,126.4809,270.7402,1,-1,-1,-1
170,7,1432.2257,302.775,126.0986,269.2291,1,-1,-1,-1
171,7,1430.3021,302.978,125.5794,269.4622,1,-1,-1,-1
172,7,1428.8429,302.8412,125.76,269.9745,1,-1,-1,-1
173,7,1432.944,303.1052,121.7884,269.6482,1,-1,-1,-1
174,7,1435.186,301.1473,119.5457,272.975,1,-1,-1,-1
175,7,1427.5326,304.9055,126.1233,268.6488,1,-1,-1,-1
176,7,1425.9353,303.2145,128.2208,270.1291,1,-1,-1,-1
177,7,1426.6857,302.9973,128.4483,269.207,1,-1,-1,-1
178,7,1426.8043,302.6656,126.404,270.3047,1,-1,-1,-1
179,7,1429.3329,301.4015,124.1217,272.6934,1,-1,-1,-1
180,7,1434.5784,301.6812,118.5011,270.2368,1,-1,-1,-1
181,7,1427.4596,299.5236,126.5126,275.0561,1,-1,-1,-1
182,7,1428.2113,297.933,123.9152,275.9818,1,-1,-1,-1
183,7,1432.1942,300.6898,118.7478,272.4812,1,-1,-1,-1
184,7,1430.358,299.4656,121.6884,274.1014,1,-1,-1,-1
185,7,1431.4153,298.8712,122.6861,274.138,1,-1,-1,-1
186,7,1428.8826,301.2199,124.2658,273.9413,1,-1,-1,-1
187,7,1429.2797,299.8843,123.7651,274.4985,1,-1,-1,-1
188,7,1426.2595,299.3088,127.8775,274.1029,1,-1,-1,-1
189,7,1428.7999,299.0172,124.5746,274.6971,1,-1,-1,-1
190,7,1205.4315,231.4373,109.7365,257.1636,1,-1,-1,-1
191,7,1203.5597,231.5294,110.0027,257.0303,1,-1,-1,-1
192,7,1432.4576,300.557,119.9386,272.7098,1,-1,-1,-1
193,7,1431.7773,301.4222,122.6813,270.3631,1,-1,-1,-1
194,7,1436.9469,300.9288,116.6611,269.8061,1,-1,-1,-1
195,7,1438.4097,301.0746,114.3299,269.5667,1,-1,-1,-1
196,7,1435.5027,301.5019,117.6649,269.275,1,-1,-1,-1
197,7,1434.1555,299.7139,118.7901,272.3015,1,-1,-1,-1
198,7,1438.1707,302.8218,114.1752,271.4466,1,-1,-1,-1
199,7,1440.6049,303.7103,112.1761,269.7045,1,-1,-1,-1
200,7,1440.5009,304.056,110.2204,268.6553,1,-1,-1,-1
201,7,1440.3623,303.3846,108.2665,269.9928,1,-1,-1,-1
202,7,1441.0466,302.5484,107.7841,273.3749,1,-1,-1,-1
203,7,1442.9285,301.2859,105.4533,272.2808,1,-1,-1,-1
204,7,1442.2462,300.2726,106.711,276.3545,1,-1,-1,-1
205,7,1439.1522,301.6256,109.3947,272.3983,1,-1,-1,-1
206,7,1440.2028,300.1138,107.8286,272.4909,1,-1,-1,-1
207,7,1438.2943,300.0455,109.1442,274.518,1,-1,-1,-1
208,7,1439.4504,299.1588,107.9394,274.1536,1,-1,-1,-1
209,7,1441.226,299.3719,105.7445,273.7274,1,-1,-1,-1
210,7,1441.6506,299.4294,103.7871,275.2647,1,-1,-1,-1
211,7,1443.2196,299.0609,102.1477,275.627,1,-1,-1,-1
1,7,1454.3431,305.1474,115.1684,268.1211,1,-1,-1,-1
2,7,1452.4316,305.7888,117.4201,268.8248,1,-1,-1,-1
3,7,1449.2767,306.9309,121.055,268.2781,1,-1,-1,-1
4,7,1448.2828,307.2329,122.532,268.2573,1,-1,-1,-1
5,7,1443.5135,311.4911,124.9926,265.5243,1,-1,-1,-1
6,7,1442.4507,311.2924,127.3912,265.1992,1,-1,-1,-1
7,7,1443.1917,312.2463,125.3133,264.3377,1,-1,-1,-1
8,7,1443.7255,311.6538,125.5443,265.0309,1,-1,-1,-1
9,7,1444.0319,311.7744,124.6811,264.8104,1,-1,-1,-1
10,7,1444.0956,311.9651,124.8202,264.183,1,-1,-1,-1
11,7,1442.9188,312.7417,126.6674,263.6165,1,-1,-1,-1
12,7,1442.9462,312.8178,126.8304,264.7197,1,-1,-1,-1
13,7,1454.6083,307.8099,113.8559,267.8581,1,-1,-1,-1
14,8,1152.8604,369.6706,172.0986,243.77,1,-1,-1,-1
15,8,1150.1573,372.6252,170.5741,237.4145,1,-1,-1,-1
16,7,1447.1674,313.3644,120.5435,261.8378,1,-1,-1,-1
17,8,1139.8901,360.007,161.9701,251.0014,1,-1,-1,-1
18,7,1447.0237,313.5973,119.9297,262.5243,1,-1,-1,-1
19,8,1131.387,350.0309,155.874,259.6426,1,-1,-1,-1
20,7,1446.6149,313.0003,122.2903,262.8405,1,-1,-1,-1
21,7,1446.9072,313.3659,121.6258,262.8033,1,-1,-1,-1
22,7,1445.6006,313.1599,123.7635,263.0974,1,-1,-1,-1
23,7,1444.1195,313.7041,124.5773,264.0241,1,-1,-1,-1
24,7,1445.1399,314.526,122.7386,262.8968,1,-1,-1,-1
25,7,1445.6232,313.9887,124.0601,263.3436,1,-1,-1,-1
26,7,1445.4609,313.7318,123.8636,264.2592,1,-1,-1,-1
27,7,1445.8512,313.9365,123.0127,264.2985,1,-1,-1,-1
28,7,1445.6689,313.6073,122.3571,264.2836,1,-1,-1,-1
29,7,1444.3096,313.7651,124.9629,263.7417,1,-1,-1,-1
30,7,1445.1381,313.5074,122.5197,263.8844,1,-1,-1,-1
31,8,1084.537,313.3954,139.9862,294.0891,1,-1,-1,-1
32,8,1082.1632,309.4207,135.7305,301.5422,1,-1,-1,-1
33,8,1080.8816,309.5739,129.6111,300.0589,1,-1,-1,-1
34,8,1076.226,307.0738,133.52,302.3578,1,-1,-1,-1
35,8,1074.3247,303.561,125.867,302.9242,1,-1,-1,-1
36,8,1073.6097,299.8677,117.5929,302.641,1,-1,-1,-1
37,8,1072.3739,296.7048,113.5217,301.5138,1,-1,-1,-1
38,8,1072.7911,293.447,107.7535,300.7968,1,-1,-1,-1
39,8,1068.8466,290.1661,110.419,287.1012,1,-1,-1,-1
40,8,1065.9498,282.4697,115.803,290.3923,1,-1,-1,-1
41,8,1059.0498,282.92,123.7792,279.4164,1,-1,-1,-1
42,8,1060.5856,282.194,128.2752,266.4838,1,-1,-1,-1
43,8,1052.1835,279.7588,133.8368,275.0602,1,-1,-1,-1
44,8,1047.0602,275.1472,136.027,283.575,1,-1,-1,-1
45,8,1039.3676,273.4457,104.7032,281.6836,1,-1,-1,-1
46,8,1037.2826,272.882,98.3927,283.637,1,-1,-1,-1
47,8,1035.7523,270.741,98.1547,287.1778,1,-1,-1,-1
48,8,1025.3562,271.9891,100.0767,288.5594,1,-1,-1,-1
49,8,1016.2341,272.2039,106.4193,289.9707,1,-1,-1,-1
50,8,1012.3353,265.8418,107.2792,303.6461,1,-1,-1,-1
51,8,1006.6309,267.1838,108.9104,302.1405,1,-1,-1,-1
52,8,982.9891,266.9739,123.2399,333.7228,1,-1,-1,-1
53,8,969.5837,263.6879,131.445,352.9148,1,-1,-1,-1
54,8,970.7849,255.7015,128.0466,375.4087,1,-1,-1,-1
55,8,973.6776,253.6602,125.0999,372.9643,1,-1,-1,-1
56,8,962.7078,250.8736,121.9892,341.7248,1,-1,-1,-1
57,8,961.7425,248.8581,112.2039,282.7164,1,-1,-1,-1
58,8,957.5203,241.4416,113.339,275.2287,1,-1,-1,-1
59,8,954.4743,238.4156,115.5507,296.059,1,-1,-1,-1
60,8,940.601,238.7518,123.7291,292.9526,1,-1,-1,-1
61,8,937.8063,235.8481,123.1432,294.4066,1,-1,-1,-1
62,6,1196.6564,232.2729,133.4486,257.2457,1,-1,-1,-1
63,6,1197.488,231.4984,129.5113,258.3019,1,-1,-1,-1
64,6,1198.415,231.6864,133.3484,256.5993,1,-1,-1,-1
65,6,1208.1586,232.599,128.8048,252.2009,1,-1,-1,-1
66,6,1198.3965,233.6778,137.0703,255.2074,1,-1,-1,-1
67,6,1198.1505,233.4221,138.9036,255.5014,1,-1,-1,-1
68,6,1198.7798,232.9781,135.3767,256.931,1,-1,-1,-1
69,6,1199.0624,233.8607,134.9911,255.6863,1,-1,-1,-1
70,6,1198.9434,233.7988,128.1856,255.6765,1,-1,-1,-1
71,6,1199.9877,232.5114,129.9272,256.8228,1,-1,-1,-1
72,6,1199.6008,234.0875,137.0263,254.9604,1,-1,-1,-1
73,6,1208.0864,232.897,144.4369,259.8257,1,-1,-1,-1
74,6,1201.4727,234.5387,134.8759,255.6358,1,-1,-1,-1
75,6,1208.1947,232.3968,144.3342,261.3223,1,-1,-1,-1
76,6,1205.7051,231.1774,147.8276,262.2233,1,-1,-1,-1
77,7,1450.0197,320.8609,122.1931,261.0185,1,-1,-1,-1
78,7,1450.8289,321.3211,120.6927,260.6661,1,-1,-1,-1
79,7,1452.5804,321.9585,120.2269,253.9443,1,-1,-1,-1
80,7,1450.3276,321.4003,122.017,260.0634,1,-1,-1,-1
81,7,1450.5309,321.8224,121.5609,258.5491,1,-1,-1,-1
82,7,1449.868,322.0086,122.3604,258.9858,1,-1,-1,-1
83,7,1450.4536,321.712,121.1056,258.847,1,-1,-1,-1
84,6,1212.1984,233.7146,139.9893,251.9051,1,-1,-1,-1
85,6,1209.4803,232.9749,145.2911,253.2104,1,-1,-1,-1
86,6,1214.9059,234.3622,139.5307,245.5983,1,-1,-1,-1
87,6,1212.6885,234.7705,143.7544,249.8691,1,-1,-1,-1
88,6,1210.2947,234.6755,145.1949,250.0549,1,-1,-1,-1
89,6,1209.4454,233.7592,144.8699,255.0817,1,-1,-1,-1
90,6,1209.9945,234.7731,143.4618,252.6187,1,-1,-1,-1
91,6,1208.9244,233.6536,145.8113,254.8683,1,-1,-1,-1
92,6,1208.7628,234.3549,145.5047,255.3996,1,-1,-1,-1
93,6,1210.5986,234.2839,147.1536,251.8708,1,-1,-1,-1
94,6,1217.0464,234.9517,141.9541,244.2698,1,-1,-1,-1
95,6,1215.6194,240.0052,147.0072,225.26,1,-1,-1,-1
96,6,1219.4641,238.2012,134.2183,223.2733,1,-1,-1,-1
97,6,1211.9132,234.7426,143.4061,249.327,1,-1,-1,-1
98,6,1214.697,235.0145,138.1103,246.0713,1,-1,-1,-1
99,6,1214.4298,235.8679,138.5183,246.6213,1,-1,-1,-1
100,6,1210.7972,234.9661,142.6087,250.275,1,-1,-1,-1
101,6,1213.7701,235.9043,139.6248,243.496,1,-1,-1,-1
102,6,1217.392,236.5148,136.4732,240.5568,1,-1,-1,-1
103,6,1208.0989,239.8092,148.2302,248.3264,1,-1,-1,-1
104,6,1219.0598,240.1011,131.7431,223.5526,1,-1,-1,-1
105,6,1212.2336,236.8303,142.0179,245.2882,1,-1,-1,-1
106,6,1207.9979,235.9181,146.8051,250.3898,1,-1,-1,-1
107,6,1215.6991,237.7511,141.6479,241.1822,1,-1,-1,-1
108,6,1210.1758,236.7731,145.5337,249.2175,1,-1,-1,-1
109,8,808.9749,134.3032,99.4628,224.49,1,-1,-1,-1
110,8,809.9202,129.5884,96.1925,229.2485,1,-1,-1,-1
111,8,811.1862,128.4605,93.0128,230.5389,1,-1,-1,-1
112,7,1442.0093,317.1283,133.2315,260.8133,1,-1,-1,-1
113,6,1219.8729,239.7069,134.1508,227.9279,1,-1,-1,-1
114,8,809.477,121.0304,91.411,230.8084,1,-1,-1,-1
115,6,1227.8201,238.9882,133.4277,232.467,1,-1,-1,-1
116,6,1230.2831,236.6039,119.4437,221.3361,1,-1,-1,-1
118,7,1442.2264,317.0364,133.1444,262.0095,1,-1,-1,-1
119,6,1234.2738,242.0688,133.3484,178.4117,1,-1,-1,-1
120,6,1230.9379,241.1782,125.4325,195.1073,1,-1,-1,-1
121,6,1222.4996,240.8866,145.4639,226.3458,1,-1,-1,-1
122,6,1211.3739,237.9655,159.4738,256.5733,1,-1,-1,-1
123,6,1217.5437,238.1612,152.5215,239.3814,1,-1,-1,-1
124,6,1218.1693,237.5659,156.8193,233.1389,1,-1,-1,-1
125,7,1442.3828,315.9327,131.8513,262.1134,1,-1,-1,-1
126,7,1442.8776,315.914,130.8195,263.1246,1,-1,-1,-1
127,7,1451.1443,316.3002,123.3396,261.4496,1,-1,-1,-1
128,6,1231.7067,240.3004,155.7153,210.2636,1,-1,-1,-1
129,6,1228.5029,237.7462,151.3887,194.7752,1,-1,-1,-1
130,7,1446.0748,313.8481,126.8478,265.7276,1,-1,-1,-1
131,6,1226.142,235.9194,153.8949,235.495,1,-1,-1,-1
135,7,1440.6511,312.9371,133.3296,265.2076,1,-1,-1,-1
140,7,1436.072,313.2414,135.3031,263.1844,1,-1,-1,-1
141,7,1435.7816,312.7301,135.2372,266.4351,1,-1,-1,-1
142,7,1438.6072,315.263,131.6538,262.0818,1,-1,-1,-1
143,7,1440.0968,315.3711,129.4971,262.1027,1,-1,-1,-1
144,7,1440.7911,314.5665,128.6191,263.4599,1,-1,-1,-1
145,7,1440.8672,313.9495,129.4761,263.164,1,-1,-1,-1
146,7,1440.827,314.4179,129.9184,262.7106,1,-1,-1,-1
147,7,1440.3007,312.3382,129.4576,265.5606,1,-1,-1,-1
148,7,1439.1716,311.7451,130.2394,267.2401,1,-1,-1,-1
149,7,1439.5861,311.3555,130.9781,266.3781,1,-1,-1,-1
150,7,1437.7255,311.772,130.8148,266.479,1,-1,-1,-1
151,7,1438.5343,312.7778,130.2893,266.2641,1,-1,-1,-1
152,7,1437.6155,311.87,129.4514,266.7665,1,-1,-1,-1
190,7,1428.7614,299.9218,124.0625,273.4592,1,-1,-1,-1
191,7,1434.9305,300.7397,115.7775,271.4288,1,-1,-1,-1
1,8,1264.2992,401.774,135.9858,167.1602,1,-1,-1,-1
2,8,1263.1239,395.3629,131.9283,172.6579,1,-1,-1,-1
3,8,1260.1921,389.8318,135.6689,178.3734,1,-1,-1,-1
4,8,1254.2161,386.4188,134.0064,182.0847,1,-1,-1,-1
5,8,1252.7344,383.6506,126.7768,191.4207,1,-1,-1,-1
6,8,1252.4926,380.2246,123.6606,191.9409,1,-1,-1,-1
7,8,1244.1587,375.7211,125.6842,210.0044,1,-1,-1,-1
8,8,1230.5994,376.3882,130.1775,231.1919,1,-1,-1,-1
9,8,1228.6592,373.9286,127.4144,227.0972,1,-1,-1,-1
10,8,1218.8167,370.2288,131.055,241.2069,1,-1,-1,-1
11,8,1230.0337,369.7444,112.1576,225.3035,1,-1,-1,-1
12,8,1202.2046,375.0428,142.0314,234.1601,1,-1,-1,-1
13,8,1156.9369,368.3843,176.1833,247.7783,1,-1,-1,-1
14,9,1207.7889,724.6359,415.6385,347.4072,1,-1,-1,-1
15,9,1205.582,731.5192,410.3662,342.2179,1,-1,-1,-1
16,8,1139.999,368.1257,166.372,239.4173,1,-1,-1,-1
17,9,1214.1042,730.1277,404.4883,340.9098,1,-1,-1,-1
18,8,1133.994,352.8998,155.0773,257.4579,1,-1,-1,-1
19,9,1208.4442,730.5341,399.7941,341.4829,1,-1,-1,-1
20,8,1135.5939,344.1177,148.1827,264.7478,1,-1,-1,-1
21,8,1133.467,342.2768,147.5097,269.4139,1,-1,-1,-1
22,8,1133.9611,341.1912,138.1401,269.5987,1,-1,-1,-1
23,8,1137.5416,339.2026,124.5637,274.1539,1,-1,-1,-1
24,8,1136.3129,332.9615,118.9388,274.1009,1,-1,-1,-1
25,8,1132.5911,331.3487,124.0018,277.338,1,-1,-1,-1
26,8,1126.5767,327.7366,125.9202,280.2322,1,-1,-1,-1
27,8,1113.9933,321.5274,137.9278,285.4392,1,-1,-1,-1
28,8,1108.5398,320.0731,136.314,287.6386,1,-1,-1,-1
29,8,1098.068,317.5063,137.9628,292.2605,1,-1,-1,-1
30,8,1089.2156,317.6735,141.7793,289.8737,1,-1,-1,-1
31,7,1445.1903,313.6915,123.1709,264.0657,1,-1,-1,-1
32,7,1447.9641,314.2438,119.0905,262.9418,1,-1,-1,-1
33,7,1446.0227,314.5626,121.2838,262.0522,1,-1,-1,-1
34,7,1448.536,314.7712,119.5095,262.2173,1,-1,-1,-1
35,7,1446.7892,314.5186,121.1717,262.0714,1,-1,-1,-1
36,7,1448.8785,315.008,118.7869,260.7265,1,-1,-1,-1
37,7,1448.6628,314.7102,119.0437,261.7156,1,-1,-1,-1
38,7,1448.5745,314.7165,119.3571,261.9429,1,-1,-1,-1
39,7,1446.4474,315.6869,121.8425,261.1659,1,-1,-1,-1
40,7,1449.8251,316.6061,116.149,259.2715,1,-1,-1,-1
41,7,1447.9509,317.0325,118.5225,257.7816,1,-1,-1,-1
42,7,1449.1401,318.4604,116.3505,256.5992,1,-1,-1,-1
43,7,1450.7317,318.509,115.6637,258.2448,1,-1,-1,-1
44,7,1450.3875,317.8822,115.4309,258.8684,1,-1,-1,-1
45,7,1448.0431,316.9467,119.6171,261.1523,1,-1,-1,-1
46,7,1448.2432,317.4357,119.6091,260.2478,1,-1,-1,-1
47,7,1448.3458,317.8273,118.7678,259.7825,1,-1,-1,-1
48,7,1450.292,318.4594,116.9053,259.9438,1,-1,-1,-1
49,7,1451.47,317.4499,115.291,262.0086,1,-1,-1,-1
50,7,1455.6146,314.2094,113.0844,263.2473,1,-1,-1,-1
51,7,1452.4382,318.5316,114.324,261.6299,1,-1,-1,-1
52,7,1452.7761,313.797,117.6447,264.8347,1,-1,-1,-1
53,7,1451.6541,314.2124,119.1511,264.2502,1,-1,-1,-1
54,7,1445.406,310.2324,123.8644,267.5274,1,-1,-1,-1
55,7,1451.8734,315.4094,119.1455,263.3476,1,-1,-1,-1
56,7,1452.2809,316.136,118.6223,261.1431,1,-1,-1,-1
57,7,1452.5458,317.1467,118.5333,259.9735,1,-1,-1,-1
58,7,1451.7911,316.6167,119.1518,260.6262,1,-1,-1,-1
59,7,1451.9023,318.1316,119.8956,259.2616,1,-1,-1,-1
60,7,1448.4552,318.8093,121.0713,260.7095,1,-1,-1,-1
61,7,1446.0841,315.1865,124.272,260.9604,1,-1,-1,-1
62,7,1451.9167,317.7303,119.777,258.7003,1,-1,-1,-1
63,7,1445.9399,316.0136,123.454,260.9804,1,-1,-1,-1
64,7,1448.2394,317.1342,120.3426,260.1657,1,-1,-1,-1
65,7,1444.6235,319.3386,125.5716,259.0673,1,-1,-1,-1
66,7,1444.931,319.4162,124.8844,259.96,1,-1,-1,-1
67,7,1449.0078,315.2145,121.0631,263.8873,1,-1,-1,-1
68,7,1444.1366,319.895,127.4192,258.2084,1,-1,-1,-1
69,7,1448.1053,316.1305,122.5899,262.1097,1,-1,-1,-1
70,7,1447.6992,316.1299,122.7396,262.4866,1,-1,-1,-1
71,7,1445.6703,320.2278,124.8658,257.7104,1,-1,-1,-1
72,7,1446.2079,321.2418,124.3985,257.9379,1,-1,-1,-1
73,7,1451.8318,320.9668,120.2401,255.0211,1,-1,-1,-1
74,7,1445.8708,321.0302,125.5574,257.1339,1,-1,-1,-1
75,7,1449.8878,321.0565,122.6272,259.8916,1,-1,-1,-1
76,7,1450.2299,321.5196,122.2037,260.1983,1,-1,-1,-1
84,7,1446.4001,322.3852,123.2835,255.8699,1,-1,-1,-1
85,7,1445.944,318.3471,126.8397,258.5516,1,-1,-1,-1
86,7,1449.9021,319.1965,122.5801,261.8345,1,-1,-1,-1
87,7,1445.828,318.891,126.6571,258.0283,1,-1,-1,-1
88,7,1445.5985,320.3112,127.4354,255.9199,1,-1,-1,-1
89,7,1444.4076,318.6524,127.2664,258.923,1,-1,-1,-1
90,7,1448.7639,318.3813,125.1425,262.3703,1,-1,-1,-1
91,7,1449.1334,320.8668,124.2595,259.2163,1,-1,-1,-1
92,7,1444.8995,320.6251,128.5901,256.8936,1,-1,-1,-1
93,7,1444.0442,320.5152,129.5472,256.4719,1,-1,-1,-1
94,7,1444.3427,320.1607,129.5231,256.5157,1,-1,-1,-1
95,7,1443.5389,320.5034,130.3794,256.966,1,-1,-1,-1
96,7,1443.455,320.7679,130.3687,257.5343,1,-1,-1,-1
97,7,1443.9905,318.9475,130.3048,258.8013,1,-1,-1,-1
98,7,1443.698,321.2692,130.0958,258.3598,1,-1,-1,-1
99,7,1441.5796,321.1523,132.754,255.6612,1,-1,-1,-1
100,7,1442.8555,320.189,131.8076,259.3585,1,-1,-1,-1
101,7,1442.0785,320.825,132.3302,255.6668,1,-1,-1,-1
102,7,1445.7278,320.564,129.5073,256.1234,1,-1,-1,-1
103,7,1446.0813,318.9183,128.8425,258.574,1,-1,-1,-1
104,7,1443.6406,318.7191,130.6491,260.2876,1,-1,-1,-1
105,7,1442.4683,320.15,132.1671,258.1577,1,-1,-1,-1
106,7,1442.7399,319.5833,132.5887,261.599,1,-1,-1,-1
107,7,1443.4675,318.0268,131.8555,260.5286,1,-1,-1,-1
108,7,1442.6021,318.5253,132.7153,259.9179,1,-1,-1,-1
109,6,1221.1388,236.711,130.9447,243.372,1,-1,-1,-1
110,6,1227.2971,237.9666,123.6904,237.3273,1,-1,-1,-1
111,6,1223.5817,237.9862,126.3868,240.9074,1,-1,-1,-1
113,7,1446.2013,320.5788,130.1694,256.3012,1,-1,-1,-1
114,6,1211.3201,240.3172,144.3214,230.7095,1,-1,-1,-1
115,7,1446.9774,316.6069,129.7161,259.7894,1,-1,-1,-1
116,7,1447.3458,316.1981,129.0149,261.1975,1,-1,-1,-1
119,7,1447.187,316.4688,128.1382,259.4346,1,-1,-1,-1
120,7,1442.6373,317.2748,132.1267,258.4039,1,-1,-1,-1
121,7,1440.5707,317.5153,135.6308,260.3908,1,-1,-1,-1
122,7,1441.5297,317.5739,133.7168,259.8213,1,-1,-1,-1
123,7,1442.3267,317.2036,132.9351,260.68,1,-1,-1,-1
124,7,1442.8632,315.8463,132.0172,263.763,1,-1,-1,-1
127,9,111.905,883.5319,446.6098,194.1003,1,-1,-1,-1
128,7,1447.9291,315.4055,126.6968,264.8299,1,-1,-1,-1
129,7,1445.3373,315.166,127.9627,263.686,1,-1,-1,-1
131,7,1444.2518,313.074,128.1837,265.3197,1,-1,-1,-1
1,9,1282.4342,654.3643,359.2262,413.3399,1,-1,-1,-1
2,9,1284.0796,650.8598,358.5339,418.168,1,-1,-1,-1
3,9,1284.7493,646.506,359.2198,422.2676,1,-1,-1,-1
4,9,1277.6676,644.5734,367.8787,424.0545,1,-1,-1,-1
5,9,1273.0999,650.3654,373.1009,414.4588,1,-1,-1,-1
6,9,1264.6631,647.218,380.885,421.6489,1,-1,-1,-1
7,9,1255.4661,640.8808,382.4228,431.4081,1,-1,-1,-1
8,9,1254.4323,656.4875,379.1107,416.7992,1,-1,-1,-1
9,9,1247.3325,661.8858,385.668,414.2562,1,-1,-1,-1
10,9,1245.0179,678.1646,393.931,395.9554,1,-1,-1,-1
11,9,1232.0615,694.8621,401.8598,378.4915,1,-1,-1,-1
12,9,1222.9385,707.2913,410.3883,367.3223,1,-1,-1,-1
13,9,1216.5442,714.9196,408.2727,358.5139,1,-1,-1,-1
16,9,1220.7188,728.0502,400.2542,342.17,1,-1,-1,-1
18,9,1212.4169,728.3813,404.2944,342.9594,1,-1,-1,-1
20,9,1187.868,729.8311,420.0187,344.1129,1,-1,-1,-1
21,9,1217.8223,722.0107,389.2423,348.6185,1,-1,-1,-1
22,9,1223.2274,729.9659,381.8689,338.887,1,-1,-1,-1
23,9,1216.2651,730.5401,392.8316,338.666,1,-1,-1,-1
24,9,1218.8793,735.8892,382.7505,334.0335,1,-1,-1,-1
25,9,1198.7395,741.0985,408.5824,330.8015,1,-1,-1,-1
26,9,1169.0403,747.4541,439.6434,318.5663,1,-1,-1,-1
27,9,1168.0767,756.1627,428.8153,322.2702,1,-1,-1,-1
28,9,1149.147,777.285,473.681,290.6175,1,-1,-1,-1
29,9,1136.7996,775.0601,441.3076,298.8201,1,-1,-1,-1
30,9,1122.0377,790.4385,453.8024,283.7898,1,-1,-1,-1
31,9,1109.2903,807.0478,444.6496,266.5568,1,-1,-1,-1
32,9,1090.8856,809.5916,447.7049,261.1364,1,-1,-1,-1
33,9,1106.5339,813.5026,416.7072,259.3752,1,-1,-1,-1
34,9,987.3618,814.6046,524.8653,258.7359,1,-1,-1,-1
35,9,1105.5321,815.3647,391.9493,254.74,1,-1,-1,-1
36,9,1070.2379,813.3767,419.9743,259.9553,1,-1,-1,-1
37,9,1023.7201,809.8163,459.1223,262.3058,1,-1,-1,-1
38,9,956.2744,807.5162,517.2717,266.5024,1,-1,-1,-1
39,9,937.6064,805.5564,529.1252,266.4923,1,-1,-1,-1
40,9,931.4817,804.4373,532.5748,267.0957,1,-1,-1,-1
41,9,929.7064,804.3518,535.1037,266.3076,1,-1,-1,-1
42,9,927.1478,803.2833,525.1652,275.6698,1,-1,-1,-1
43,9,914.1979,809.3975,545.2848,262.6955,1,-1,-1,-1
44,9,885.0807,813.8723,572.1544,258.8015,1,-1,-1,-1
45,9,864.6389,823.3553,590.278,247.6672,1,-1,-1,-1
46,9,876.0655,835.1456,572.0273,240.7035,1,-1,-1,-1
47,9,898.34,840.9325,532.0652,235.2257,1,-1,-1,-1
48,9,924.5122,846.3503,514.6054,226.9301,1,-1,-1,-1
49,9,1122.5704,849.184,312.5365,229.1012,1,-1,-1,-1
50,9,1125.7623,859.8514,304.2024,213.3186,1,-1,-1,-1
51,9,1149.7461,864.9208,271.8596,209.1417,1,-1,-1,-1
52,9,1147.4226,867.0283,269.7813,205.7436,1,-1,-1,-1
53,9,1142.2885,867.1705,273.4359,208.2799,1,-1,-1,-1
54,9,1141.5352,865.3339,271.392,209.9452,1,-1,-1,-1
55,9,1126.8239,860.571,297.6859,212.0943,1,-1,-1,-1
56,9,1105.8789,858.8716,321.4382,214.4494,1,-1,-1,-1
57,9,865.9748,858.0668,598.0739,221.9332,1,-1,-1,-1
58,9,881.9514,861.8599,766.5354,218.1401,1,-1,-1,-1
59,9,871.9221,867.5583,757.8351,212.4417,1,-1,-1,-1
60,9,863.361,874.1215,513.1552,205.3978,1,-1,-1,-1
61,9,1150.8083,882.4824,168.9372,195.2295,1,-1,-1,-1
62,9,1155.7466,890.4694,205.9447,184.4762,1,-1,-1,-1
63,9,1135.8435,893.0887,206.9761,181.2131,1,-1,-1,-1
64,9,807.6445,894.632,560.9866,185.368,1,-1,-1,-1
65,9,826.2504,890.8536,544.094,189.1464,1,-1,-1,-1
66,9,808.8636,891.0357,487.528,186.9208,1,-1,-1,-1
67,9,776.8385,888.682,600.4176,184.484,1,-1,-1,-1
68,9,767.7674,880.6187,610.3375,191.382,1,-1,-1,-1
69,9,756.385,873.4059,584.3855,199.6879,1,-1,-1,-1
70,9,746.7219,869.476,603.011,202.7025,1,-1,-1,-1
71,9,735.0139,867.1534,633.1539,205.8876,1,-1,-1,-1
94,9,657.8613,918.1854,411.0587,157.055,1,-1,-1,-1
95,9,681.0698,905.8544,377.1536,171.5267,1,-1,-1,-1
96,9,646.3972,897.9875,401.3474,182.0125,1,-1,-1,-1
99,9,485.5807,879.2352,560.9283,200.7648,1,-1,-1,-1
100,9,452.5738,875.501,598.2732,202.6031,1,-1,-1,-1
101,9,437.3678,868.3928,601.2899,204.9174,1,-1,-1,-1
102,9,403.7111,877.1158,609.7829,199.9131,1,-1,-1,-1
103,9,472.164,888.5182,536.4086,187.8933,1,-1,-1,-1
104,9,530.6894,898.7855,476.4398,176.9191,1,-1,-1,-1
107,9,504.5502,944.1869,488.7729,131.1133,1,-1,-1,-1
109,9,1440.8075,316.964,134.6969,260.9811,1,-1,-1,-1
110,9,1440.3002,317.4103,135.0851,260.1499,1,-1,-1,-1
111,9,1442.0011,317.2359,132.7124,259.9566,1,-1,-1,-1
114,9,1445.7316,316.5146,130.2855,260.9972,1,-1,-1,-1
115,9,366.9224,939.6696,530.0661,136.0419,1,-1,-1,-1
128,9,90.052,880.9862,444.1553,197.4083,1,-1,-1,-1