[1, 1, [595.7589, 2.1094, 52.4814, 101.5675], 1, -1, -1, -1]
[2, 1, [597.5209, 0.115, 47.2806, 104.5837], 1, -1, -1, -1]
[3, 1, [593.4153, 0.1516, 45.5732, 103.1655], 1, -1, -1, -1]
[4, 1, [589.6597, 0.8185, 46.5374, 101.6828], 1, -1, -1, -1]
[5, 1, [584.0403, 0.1223, 46.3288, 102.5432], 1, -1, -1, -1]
[6, 1, [580.5621, 0.7145, 49.9464, 101.0968], 1, -1, -1, -1]
[7, 1, [577.244, 2.2612, 54.2072, 99.1633], 1, -1, -1, -1]
[8, 1, [574.4779, 2.4252, 56.174, 100.1568], 1, -1, -1, -1]
[9, 1, [572.9255, 2.4351, 58.7549, 103.7648], 1, -1, -1, -1]
[10, 1, [568.6069, 2.3333, 64.2289, 107.1498], 1, -1, -1, -1]
[11, 1, [561.8928, 2.2378, 71.5755, 109.994], 1, -1, -1, -1]
[12, 1, [548.9023, 1.1594, 84.6021, 112.5605], 1, -1, -1, -1]
[13, 1, [543.8345, 1.1533, 87.6859, 113.6731], 1, -1, -1, -1]
[14, 1, [542.0739, 1.0572, 87.8245, 116.5458], 1, -1, -1, -1]
[15, 1, [545.1315, 1.0705, 83.5047, 116.979], 1, -1, -1, -1]
[16, 1, [543.8338, 0.8736, 82.987, 118.5548], 1, -1, -1, -1]
[17, 1, [540.8322, 0.0, 81.2846, 123.7746], 1, -1, -1, -1]
[18, 1, [540.7739, 0.0, 82.0534, 123.142], 1, -1, -1, -1]
[19, 1, [539.0099, 0.0, 81.5508, 120.1828], 1, -1, -1, -1]
[20, 1, [535.6346, 0.0, 80.9037, 121.4397], 1, -1, -1, -1]
[21, 1, [532.835, 0.0837, 80.0689, 121.842], 1, -1, -1, -1]
[22, 1, [532.2116, 0.8047, 73.6077, 122.7038], 1, -1, -1, -1]
[23, 1, [529.9541, 0.9886, 70.1815, 121.7192], 1, -1, -1, -1]
[24, 1, [527.0364, 0.4451, 67.1939, 123.7998], 1, -1, -1, -1]
[25, 1, [521.6879, 0.4021, 65.9818, 125.3348], 1, -1, -1, -1]
[26, 1, [515.5085, 1.5862, 75.1221, 126.9099], 1, -1, -1, -1]
[27, 1, [508.4301, 0.5205, 81.8541, 129.3947], 1, -1, -1, -1]
[28, 1, [505.8323, 0.8079, 81.9254, 133.2102], 1, -1, -1, -1]
[29, 1, [500.4564, 0.2707, 82.2206, 138.6255], 1, -1, -1, -1]
[30, 1, [499.5921, 0.0, 79.8179, 140.6415], 1, -1, -1, -1]
[31, 1, [492.4114, 0.1601, 83.0811, 141.3123], 1, -1, -1, -1]
[32, 1, [490.2831, 0.0419, 85.4617, 142.6495], 1, -1, -1, -1]
[33, 1, [484.585, 0.272, 87.783, 145.6256], 1, -1, -1, -1]
[34, 1, [481.2279, 0.0865, 91.2667, 145.5838], 1, -1, -1, -1]
[35, 1, [482.3008, 0.7948, 88.6437, 149.2386], 1, -1, -1, -1]
[36, 1, [481.5447, 0.5077, 88.691, 148.3635], 1, -1, -1, -1]
[37, 1, [478.6124, 0.0, 80.8858, 144.6083], 1, -1, -1, -1]
[38, 1, [471.1325, 0.0, 84.5806, 144.395], 1, -1, -1, -1]
[39, 1, [473.1591, 0.0, 69.0134, 144.2242], 1, -1, -1, -1]
[40, 1, [471.2, 0.0, 65.6492, 145.1945], 1, -1, -1, -1]
[41, 1, [471.9505, 0.0, 58.9106, 147.0328], 1, -1, -1, -1]
[42, 1, [468.0466, 0.0459, 57.0627, 147.632], 1, -1, -1, -1]
[43, 1, [464.889, 0.0, 58.8335, 146.9383], 1, -1, -1, -1]
[44, 1, [461.5201, 0.0, 54.177, 143.646], 1, -1, -1, -1]
[45, 1, [456.4662, 0.0, 58.8679, 145.8938], 1, -1, -1, -1]
[46, 1, [451.4891, 0.0, 64.4521, 145.2665], 1, -1, -1, -1]
[47, 1, [436.6732, 0.0, 80.187, 148.8638], 1, -1, -1, -1]
[48, 1, [427.1475, 0.0068, 89.6435, 150.9651], 1, -1, -1, -1]
[49, 1, [426.475, 0.2109, 91.2296, 154.1644], 1, -1, -1, -1]
[50, 1, [423.897, 0.0, 90.7241, 159.7007], 1, -1, -1, -1]
[51, 1, [415.6916, 0.0, 96.5076, 158.7285], 1, -1, -1, -1]
[52, 1, [410.4197, 0.0, 102.3855, 154.3162], 1, -1, -1, -1]
[53, 1, [412.7374, 0.0, 98.8324, 163.9957], 1, -1, -1, -1]
[54, 1, [405.5301, 0.0, 102.2655, 164.6779], 1, -1, -1, -1]
[55, 1, [406.2389, 0.0, 96.4725, 161.2696], 1, -1, -1, -1]
[56, 1, [406.795, 0.1818, 89.5058, 160.8115], 1, -1, -1, -1]
[57, 1, [405.4838, 0.3765, 67.2045, 165.3482], 1, -1, -1, -1]
[58, 1, [405.1134, 0.2029, 61.1112, 162.3503], 1, -1, -1, -1]
[59, 1, [403.5773, 0.0, 59.2965, 162.1737], 1, -1, -1, -1]
[60, 1, [399.5279, 0.0901, 54.9025, 160.5802], 1, -1, -1, -1]
[61, 1, [388.4654, 0.09, 57.7428, 162.2984], 1, -1, -1, -1]
[62, 1, [382.8555, 0.0483, 61.0211, 164.3482], 1, -1, -1, -1]
[63, 1, [370.7104, 0.5029, 74.2531, 168.9603], 1, -1, -1, -1]
[64, 1, [361.245, 0.3769, 85.1466, 169.9305], 1, -1, -1, -1]
[65, 1, [363.1794, 0.0622, 87.342, 171.3763], 1, -1, -1, -1]
[66, 1, [355.1567, 0.3677, 91.2731, 177.2331], 1, -1, -1, -1]
[67, 1, [349.4326, 0.0, 89.8018, 175.8065], 1, -1, -1, -1]
[68, 1, [338.7041, 0.4488, 106.6772, 173.4296], 1, -1, -1, -1]
[69, 1, [337.4012, 0.6767, 106.0997, 174.7002], 1, -1, -1, -1]
[70, 1, [337.9891, 2.7938, 89.0748, 176.4282], 1, -1, -1, -1]
[71, 1, [325.4261, 0.2948, 96.1715, 177.9517], 1, -1, -1, -1]
[72, 1, [324.4346, 0.441, 91.5963, 176.4412], 1, -1, -1, -1]
[73, 1, [321.4429, 0.6048, 92.0538, 178.756], 1, -1, -1, -1]
[74, 1, [324.9512, 1.3196, 76.6179, 178.0222], 1, -1, -1, -1]
[75, 1, [312.8029, 0.0272, 85.2284, 175.9474], 1, -1, -1, -1]
[76, 1, [312.1362, 0.3148, 83.8283, 177.787], 1, -1, -1, -1]
[77, 1, [312.6315, 0.3822, 76.0548, 179.6886], 1, -1, -1, -1]
[78, 1, [314.0805, 0.1444, 61.4408, 179.16], 1, -1, -1, -1]
[79, 1, [314.2661, 0.3891, 60.0574, 177.33], 1, -1, -1, -1]
[80, 1, [310.6635, 0.5102, 62.6852, 180.427], 1, -1, -1, -1]
[81, 1, [300.475, 0.2635, 65.5505, 184.2416], 1, -1, -1, -1]
[82, 1, [294.3969, 0.0838, 71.5715, 177.3787], 1, -1, -1, -1]
[83, 1, [287.6754, 0.0, 77.5014, 177.915], 1, -1, -1, -1]
[84, 1, [282.3876, 0.1541, 89.3125, 181.9728], 1, -1, -1, -1]
[85, 1, [283.5474, 1.1216, 80.2722, 180.981], 1, -1, -1, -1]
[86, 2, [391.0913, 1.7613, 70.9819, 212.2133], 1, -1, -1, -1]
[87, 2, [385.644, 11.2406, 64.1237, 201.7655], 1, -1, -1, -1]
[88, 2, [381.8604, 11.9686, 66.937, 199.7852], 1, -1, -1, -1]
[89, 2, [375.187, 11.1727, 73.0088, 202.4942], 1, -1, -1, -1]
[90, 2, [347.7887, 7.3157, 100.478, 205.3695], 1, -1, -1, -1]
[91, 2, [343.8384, 9.8564, 106.1902, 202.5441], 1, -1, -1, -1]
[92, 2, [337.2761, 11.6225, 112.818, 201.2541], 1, -1, -1, -1]
[93, 2, [330.5331, 12.9722, 118.7056, 202.7306], 1, -1, -1, -1]
[94, 2, [332.7803, 13.6546, 115.3738, 202.4474], 1, -1, -1, -1]
[95, 2, [332.0413, 14.6885, 112.5452, 202.073], 1, -1, -1, -1]
[96, 2, [328.1348, 12.4707, 113.8183, 206.7011], 1, -1, -1, -1]
[97, 2, [326.023, 16.8756, 110.8519, 204.3477], 1, -1, -1, -1]
[98, 2, [323.1674, 12.4551, 107.0746, 206.9593], 1, -1, -1, -1]
[99, 2, [320.3572, 21.6384, 103.8295, 198.1606], 1, -1, -1, -1]
[100, 2, [314.9315, 20.538, 92.6346, 198.4923], 1, -1, -1, -1]
[101, 2, [311.7528, 29.2012, 83.6709, 185.7105], 1, -1, -1, -1]
[102, 2, [299.7498, 18.3188, 80.9179, 199.9915], 1, -1, -1, -1]
[103, 2, [295.7587, 16.2303, 76.3326, 204.049], 1, -1, -1, -1]
[104, 2, [292.0939, 16.9751, 64.8714, 208.5628], 1, -1, -1, -1]
[105, 2, [289.218, 16.8293, 66.5896, 205.2496], 1, -1, -1, -1]
[106, 2, [288.5915, 18.4482, 67.4364, 205.8779], 1, -1, -1, -1]
[107, 2, [287.2362, 20.8076, 68.0837, 200.9804], 1, -1, -1, -1]
[108, 2, [287.1639, 23.322, 67.9289, 199.9804], 1, -1, -1, -1]
[109, 2, [285.8269, 26.8185, 67.8969, 194.7747], 1, -1, -1, -1]
[110, 2, [288.3241, 52.1681, 63.1142, 170.5314], 1, -1, -1, -1]
[111, 2, [287.6564, 62.2616, 65.1897, 157.8105], 1, -1, -1, -1]
[112, 2, [287.0817, 62.3794, 66.0232, 159.1034], 1, -1, -1, -1]
[113, 2, [301.6638, 142.8284, 44.2479, 76.3102], 1, -1, -1, -1]
[114, 4, [1337.5637, 203.3123, 99.6605, 253.5572], 1, -1, -1, -1]
[115, 4, [1338.5299, 202.5441, 98.6901, 252.869], 1, -1, -1, -1]
[116, 4, [1334.0486, 204.3501, 105.8304, 257.4021], 1, -1, -1, -1]
[117, 4, [1339.4871, 203.1929, 96.979, 250.1921], 1, -1, -1, -1]
[118, 4, [1339.0616, 204.154, 97.1263, 250.897], 1, -1, -1, -1]
[119, 4, [1338.594, 204.5358, 98.4877, 253.0332], 1, -1, -1, -1]
[120, 4, [1339.167, 204.7775, 97.381, 252.9968], 1, -1, -1, -1]
[121, 4, [1337.4221, 203.5303, 101.1384, 254.1172], 1, -1, -1, -1]
[122, 4, [1337.1719, 204.6114, 101.071, 252.9457], 1, -1, -1, -1]
[123, 4, [1334.9636, 203.2775, 104.5321, 262.3732], 1, -1, -1, -1]
[124, 4, [1335.7802, 203.8979, 102.7708, 260.4795], 1, -1, -1, -1]
[125, 4, [1335.9652, 204.5155, 103.163, 259.6042], 1, -1, -1, -1]
[126, 4, [1338.8904, 201.8066, 97.2258, 257.4654], 1, -1, -1, -1]
[127, 4, [1339.1918, 201.7594, 96.5698, 256.4605], 1, -1, -1, -1]
[128, 4, [1336.5707, 205.0401, 102.1598, 253.6843], 1, -1, -1, -1]
[129, 4, [1333.4961, 204.4922, 105.5347, 255.7782], 1, -1, -1, -1]
[130, 4, [1334.9781, 204.5488, 104.9709, 254.4579], 1, -1, -1, -1]
[131, 4, [1332.8658, 204.6796, 108.3913, 255.8757], 1, -1, -1, -1]
[132, 4, [1329.5035, 203.5773, 112.0518, 256.488], 1, -1, -1, -1]
[133, 4, [1330.1677, 204.4239, 110.2919, 258.6407], 1, -1, -1, -1]
[134, 4, [1330.8048, 204.3301, 109.6084, 258.533], 1, -1, -1, -1]
[135, 4, [1327.9465, 205.4619, 112.9544, 255.8179], 1, -1, -1, -1]
[136, 4, [1322.6945, 205.2797, 118.0262, 255.9398], 1, -1, -1, -1]
[137, 4, [1322.9298, 204.8855, 117.3217, 257.9433], 1, -1, -1, -1]
[138, 4, [1329.0455, 202.7647, 111.3806, 260.9664], 1, -1, -1, -1]
[139, 4, [1325.2654, 202.7718, 114.8166, 261.0574], 1, -1, -1, -1]
[140, 4, [1332.3234, 202.6092, 107.7422, 259.7854], 1, -1, -1, -1]
[141, 4, [1330.338, 201.2501, 109.6404, 262.093], 1, -1, -1, -1]
[142, 4, [1329.5488, 201.9, 110.6292, 261.9741], 1, -1, -1, -1]
[143, 4, [1331.3774, 204.2222, 108.564, 258.5492], 1, -1, -1, -1]
[144, 4, [1330.6106, 203.2699, 108.9161, 258.6944], 1, -1, -1, -1]
[145, 4, [1333.4951, 201.8082, 106.7484, 260.3953], 1, -1, -1, -1]
[146, 4, [1332.2407, 202.5992, 107.7462, 259.0448], 1, -1, -1, -1]
[147, 4, [1331.8469, 201.4196, 109.531, 260.037], 1, -1, -1, -1]
[148, 4, [1329.1401, 201.7672, 112.1289, 259.6315], 1, -1, -1, -1]
[149, 4, [1323.8024, 202.9521, 118.4216, 258.0489], 1, -1, -1, -1]
[150, 4, [1323.126, 201.1224, 119.4271, 262.1873], 1, -1, -1, -1]
[151, 4, [1320.8801, 202.2632, 122.1179, 258.7999], 1, -1, -1, -1]
[152, 4, [1325.261, 201.7563, 119.0909, 257.723], 1, -1, -1, -1]
[153, 4, [1322.8923, 203.2909, 120.7409, 257.0514], 1, -1, -1, -1]
[154, 4, [1322.5554, 202.945, 121.689, 255.1921], 1, -1, -1, -1]
[155, 4, [1323.4236, 202.5604, 120.0903, 254.6393], 1, -1, -1, -1]
[156, 4, [1324.6517, 201.2119, 118.2532, 255.1903], 1, -1, -1, -1]
[157, 4, [1320.491, 201.8795, 124.1076, 255.2308], 1, -1, -1, -1]
[158, 4, [1321.5447, 201.4472, 123.014, 256.0127], 1, -1, -1, -1]
[159, 4, [1323.8027, 201.2934, 120.6792, 256.5729], 1, -1, -1, -1]
[160, 4, [1324.8824, 201.5675, 119.61, 256.9399], 1, -1, -1, -1]
[161, 4, [1324.1365, 201.7828, 120.7994, 255.6909], 1, -1, -1, -1]
[162, 4, [1324.2826, 200.6443, 120.3715, 257.7244], 1, -1, -1, -1]
[163, 4, [1325.6738, 199.4285, 119.4816, 260.8414], 1, -1, -1, -1]
[164, 4, [1325.8655, 198.6859, 119.0377, 261.4158], 1, -1, -1, -1]
[165, 4, [1325.6045, 199.7534, 117.4277, 262.2544], 1, -1, -1, -1]
[166, 4, [1325.5026, 201.0921, 117.8459, 261.7295], 1, -1, -1, -1]
[167, 4, [1325.1509, 201.9871, 118.0608, 259.5804], 1, -1, -1, -1]
[168, 4, [1324.4473, 202.4657, 118.535, 260.6847], 1, -1, -1, -1]
[169, 4, [1325.1747, 202.021, 117.2543, 260.5943], 1, -1, -1, -1]
[170, 4, [1326.7849, 201.3555, 115.0418, 261.8661], 1, -1, -1, -1]
[171, 4, [1327.7191, 201.7358, 113.0562, 262.0617], 1, -1, -1, -1]
[172, 4, [1328.1953, 201.0192, 112.6366, 261.7246], 1, -1, -1, -1]
[173, 4, [1327.5092, 200.2999, 114.5373, 263.7414], 1, -1, -1, -1]
[174, 4, [1328.155, 199.0605, 113.3341, 264.0778], 1, -1, -1, -1]
[175, 4, [1327.0718, 198.8665, 114.4261, 263.9403], 1, -1, -1, -1]
[176, 4, [1325.6508, 199.5907, 115.2686, 262.1824], 1, -1, -1, -1]
[177, 4, [1327.5042, 194.9372, 111.2169, 259.9487], 1, -1, -1, -1]
[178, 4, [1326.8391, 199.0463, 115.1223, 263.7145], 1, -1, -1, -1]
[179, 4, [1329.2013, 197.5898, 113.6315, 265.7736], 1, -1, -1, -1]
[180, 4, [1328.1149, 197.1211, 116.1439, 263.2475], 1, -1, -1, -1]
[181, 4, [1327.1675, 196.094, 116.6301, 264.3275], 1, -1, -1, -1]
[182, 4, [1325.7976, 195.2084, 117.5415, 265.8953], 1, -1, -1, -1]
[183, 4, [1325.5625, 196.7213, 118.0579, 264.8692], 1, -1, -1, -1]
[184, 4, [1325.8397, 191.5645, 116.075, 264.2898], 1, -1, -1, -1]
[185, 4, [1327.1967, 190.7083, 115.3853, 264.4682], 1, -1, -1, -1]
[186, 4, [1326.0612, 189.6473, 117.1032, 264.0742], 1, -1, -1, -1]
[187, 4, [1324.0226, 192.643, 122.4211, 267.0919], 1, -1, -1, -1]
[188, 4, [1325.3734, 188.3526, 119.6427, 264.8162], 1, -1, -1, -1]
[189, 4, [1323.1714, 195.5551, 123.2828, 264.612], 1, -1, -1, -1]
[190, 4, [1323.2513, 194.9476, 123.1171, 266.3605], 1, -1, -1, -1]
[191, 4, [1324.2026, 192.5524, 122.6532, 268.3708], 1, -1, -1, -1]
[192, 4, [1325.1407, 191.1637, 122.4994, 271.5266], 1, -1, -1, -1]
[193, 4, [1325.4231, 195.3912, 123.918, 263.2122], 1, -1, -1, -1]
[194, 4, [1323.2598, 196.0882, 126.3316, 261.4303], 1, -1, -1, -1]
[195, 4, [1319.2737, 196.4344, 130.8664, 260.4265], 1, -1, -1, -1]
[196, 4, [1322.4364, 194.946, 128.4888, 264.4556], 1, -1, -1, -1]
[197, 4, [1324.5978, 196.5948, 126.7147, 261.7187], 1, -1, -1, -1]
[198, 4, [1330.3713, 197.8877, 122.4084, 260.3925], 1, -1, -1, -1]
[199, 4, [1331.8796, 198.0761, 120.6278, 258.0114], 1, -1, -1, -1]
[200, 4, [1332.9335, 198.021, 119.4712, 258.7979], 1, -1, -1, -1]
[201, 4, [1329.0933, 197.4903, 123.5854, 259.3245], 1, -1, -1, -1]
[202, 4, [1329.5919, 197.208, 123.3839, 259.4283], 1, -1, -1, -1]
[203, 4, [1325.7128, 199.0148, 128.3388, 257.6613], 1, -1, -1, -1]
[204, 4, [1335.8827, 191.9761, 120.9286, 257.0602], 1, -1, -1, -1]
[205, 4, [1338.1088, 193.348, 119.3855, 252.5943], 1, -1, -1, -1]
[206, 4, [1341.7461, 190.9937, 112.8058, 254.7181], 1, -1, -1, -1]
[207, 4, [1329.7601, 193.2127, 125.4833, 229.1137], 1, -1, -1, -1]
[208, 4, [1334.251, 191.643, 122.9979, 247.9578], 1, -1, -1, -1]
[209, 4, [1330.5221, 190.4368, 124.3467, 234.9808], 1, -1, -1, -1]
[210, 4, [1326.7156, 191.4646, 128.1589, 226.4514], 1, -1, -1, -1]
[211, 4, [1321.6084, 196.8255, 131.8453, 248.6343], 1, -1, -1, -1]
[212, 4, [1323.7006, 201.4023, 129.8648, 247.4589], 1, -1, -1, -1]
[213, 4, [1326.2964, 201.0052, 128.8216, 248.7808], 1, -1, -1, -1]
[214, 4, [1326.1074, 202.2943, 126.8131, 248.2363], 1, -1, -1, -1]
[215, 4, [1324.0546, 200.98, 131.3581, 250.4801], 1, -1, -1, -1]
[216, 4, [1323.726, 200.3865, 127.4594, 248.8461], 1, -1, -1, -1]
[217, 4, [1324.7725, 196.6077, 128.4957, 253.7327], 1, -1, -1, -1]
[218, 4, [1323.6707, 196.5761, 127.9416, 253.3234], 1, -1, -1, -1]
[219, 4, [1326.342, 201.9064, 125.7651, 251.9992], 1, -1, -1, -1]
[220, 4, [1324.2285, 202.1329, 127.5916, 251.8796], 1, -1, -1, -1]
[221, 4, [1327.6589, 195.5586, 122.3438, 256.7805], 1, -1, -1, -1]
[222, 4, [1325.8958, 195.2053, 122.0601, 260.8305], 1, -1, -1, -1]
[223, 4, [1325.9968, 193.7934, 121.5524, 262.1705], 1, -1, -1, -1]
[224, 4, [1327.4684, 194.9341, 120.1548, 262.2275], 1, -1, -1, -1]
[225, 4, [1325.5929, 194.9575, 119.7032, 262.072], 1, -1, -1, -1]
[226, 4, [1323.7249, 198.6255, 122.414, 260.6942], 1, -1, -1, -1]
[227, 4, [1325.776, 193.1834, 118.547, 263.0502], 1, -1, -1, -1]
[228, 4, [1326.4382, 199.5603, 119.1492, 259.2564], 1, -1, -1, -1]
[229, 4, [1328.3279, 194.4052, 115.6349, 259.7027], 1, -1, -1, -1]
[230, 4, [1328.8655, 195.7535, 111.8835, 261.1924], 1, -1, -1, -1]
[231, 4, [1329.0253, 195.8098, 111.8042, 260.6845], 1, -1, -1, -1]
[232, 4, [1325.79, 201.4869, 118.7024, 259.5325], 1, -1, -1, -1]
[233, 4, [1325.7786, 200.9364, 117.0841, 259.9414], 1, -1, -1, -1]
[234, 4, [1326.9379, 200.6989, 114.4467, 260.5368], 1, -1, -1, -1]
[235, 4, [1326.1152, 201.6576, 113.3286, 257.5691], 1, -1, -1, -1]
[236, 4, [1325.2214, 201.893, 114.1203, 257.1762], 1, -1, -1, -1]
[237, 4, [1324.6359, 201.9517, 116.7987, 258.5982], 1, -1, -1, -1]
[238, 4, [1325.8561, 202.1866, 109.7629, 257.4828], 1, -1, -1, -1]
[239, 4, [1323.1311, 199.098, 112.6078, 261.806], 1, -1, -1, -1]
[240, 4, [1322.6135, 199.6256, 110.9909, 262.1056], 1, -1, -1, -1]
[241, 4, [1324.0914, 201.1662, 109.3654, 261.058], 1, -1, -1, -1]
[242, 4, [1325.3408, 200.8904, 107.7377, 260.455], 1, -1, -1, -1]
[243, 4, [1324.1234, 200.9875, 111.1072, 261.3434], 1, -1, -1, -1]
[244, 4, [1323.2147, 202.9989, 112.4201, 260.1451], 1, -1, -1, -1]
[245, 4, [1321.6379, 203.8494, 114.6593, 257.8982], 1, -1, -1, -1]
[246, 4, [1322.6361, 203.7446, 114.2166, 259.5508], 1, -1, -1, -1]
[247, 4, [1322.9363, 205.0875, 113.0373, 256.042], 1, -1, -1, -1]
[248, 4, [1322.3269, 204.665, 112.4324, 255.4839], 1, -1, -1, -1]
[249, 4, [1321.2773, 204.2765, 114.387, 256.9127], 1, -1, -1, -1]
[250, 4, [1321.6725, 205.0788, 114.6363, 257.5457], 1, -1, -1, -1]
[251, 4, [1320.3204, 205.0758, 118.006, 257.5163], 1, -1, -1, -1]
[252, 4, [1319.635, 204.1668, 116.8878, 258.0032], 1, -1, -1, -1]
[253, 4, [1318.7853, 204.9599, 113.0057, 251.496], 1, -1, -1, -1]
[254, 4, [1318.7189, 204.3159, 114.6722, 253.0733], 1, -1, -1, -1]
[255, 4, [1319.0022, 202.5168, 115.7524, 255.4306], 1, -1, -1, -1]
[256, 4, [1316.8335, 202.0613, 120.6023, 258.1252], 1, -1, -1, -1]
[257, 4, [1316.2639, 202.2944, 118.1962, 256.743], 1, -1, -1, -1]
[258, 4, [1317.4722, 201.8769, 117.1959, 254.4547], 1, -1, -1, -1]
[259, 4, [1315.9967, 202.3331, 119.7526, 254.2159], 1, -1, -1, -1]
[260, 4, [1316.5212, 202.3198, 121.7569, 257.1148], 1, -1, -1, -1]
[261, 4, [1316.1038, 201.9908, 120.9502, 257.5438], 1, -1, -1, -1]
[262, 4, [1315.6376, 201.1369, 124.5813, 259.6378], 1, -1, -1, -1]
[263, 4, [1318.6206, 200.8234, 122.5745, 259.5078], 1, -1, -1, -1]
[264, 4, [1321.592, 200.7659, 116.7303, 258.9671], 1, -1, -1, -1]
[265, 4, [1324.5034, 198.3438, 116.8067, 264.8893], 1, -1, -1, -1]
[266, 4, [1326.4052, 199.2341, 115.6151, 264.6137], 1, -1, -1, -1]
[267, 4, [1327.7822, 198.1791, 113.7277, 264.979], 1, -1, -1, -1]
[268, 4, [1327.9733, 198.241, 112.8845, 264.1432], 1, -1, -1, -1]
[269, 4, [1326.3903, 200.0109, 112.8894, 262.2778], 1, -1, -1, -1]
[270, 4, [1327.139, 202.309, 108.4893, 259.7922], 1, -1, -1, -1]
[271, 4, [1327.1511, 201.4184, 108.3258, 263.8128], 1, -1, -1, -1]
[272, 4, [1327.7444, 200.1381, 99.8989, 256.7308], 1, -1, -1, -1]
[273, 4, [1327.4598, 204.1731, 104.0308, 257.9712], 1, -1, -1, -1]
[274, 4, [1327.7103, 203.8075, 104.9218, 258.0855], 1, -1, -1, -1]
[275, 4, [1327.2865, 203.4149, 104.5149, 259.4995], 1, -1, -1, -1]
[276, 4, [1325.1736, 202.3243, 109.0362, 261.8102], 1, -1, -1, -1]
[277, 4, [1327.0869, 203.6275, 104.3268, 260.7998], 1, -1, -1, -1]
[278, 4, [1328.8223, 203.7259, 103.5798, 260.5026], 1, -1, -1, -1]
[279, 4, [1327.0505, 204.5851, 106.3299, 259.0015], 1, -1, -1, -1]
[280, 4, [1326.1448, 204.0849, 109.0803, 261.6659], 1, -1, -1, -1]
[281, 4, [1325.5168, 204.0619, 111.8197, 263.4847], 1, -1, -1, -1]
[282, 4, [1324.9818, 206.905, 113.6563, 259.5238], 1, -1, -1, -1]
[283, 4, [1324.6481, 206.2895, 113.6388, 260.1473], 1, -1, -1, -1]
[284, 4, [1327.4794, 207.1575, 107.8753, 257.2375], 1, -1, -1, -1]
[285, 4, [1326.2275, 208.5928, 111.2496, 253.4503], 1, -1, -1, -1]
[286, 4, [1326.5347, 208.409, 112.3497, 250.3988], 1, -1, -1, -1]
[287, 4, [1327.2212, 208.6663, 113.969, 252.6807], 1, -1, -1, -1]
[288, 4, [1326.9952, 210.1344, 115.609, 252.9046], 1, -1, -1, -1]
[289, 4, [1324.3914, 207.0294, 120.7199, 253.5535], 1, -1, -1, -1]
[290, 4, [1325.5779, 207.1043, 119.5128, 252.1419], 1, -1, -1, -1]
[291, 4, [1325.6434, 207.1321, 119.5153, 252.2756], 1, -1, -1, -1]
[292, 4, [1325.2239, 206.4051, 119.6971, 252.5831], 1, -1, -1, -1]
[293, 4, [1325.3678, 206.5479, 121.8745, 252.6912], 1, -1, -1, -1]
[294, 4, [1324.2808, 206.2903, 125.0171, 253.1354], 1, -1, -1, -1]
[295, 4, [1329.3723, 203.5677, 115.8544, 245.4077], 1, -1, -1, -1]
[296, 4, [1328.3628, 203.906, 117.0074, 241.7244], 1, -1, -1, -1]
[297, 4, [1320.6294, 206.9151, 128.3838, 233.7509], 1, -1, -1, -1]
[298, 4, [1328.3937, 205.7536, 117.8792, 236.7931], 1, -1, -1, -1]
[299, 4, [1330.3983, 205.8389, 116.9301, 233.8945], 1, -1, -1, -1]
[300, 4, [1324.5219, 209.9287, 126.8582, 227.5721], 1, -1, -1, -1]
[301, 4, [1336.9456, 212.421, 111.333, 202.8982], 1, -1, -1, -1]
[302, 3, [1316.0529, 376.9777, 109.1373, 148.7222], 1, -1, -1, -1]
[303, 3, [1321.0359, 374.5562, 104.0688, 151.1376], 1, -1, -1, -1]
[304, 3, [1320.9812, 388.1686, 94.7321, 132.9295], 1, -1, -1, -1]
[305, 3, [1297.1432, 379.147, 120.5432, 149.3599], 1, -1, -1, -1]
[306, 3, [1288.7563, 379.4461, 124.9096, 148.9265], 1, -1, -1, -1]
[307, 3, [1290.9235, 381.0453, 108.477, 143.91], 1, -1, -1, -1]
[308, 3, [1282.7018, 374.0342, 113.4064, 165.9985], 1, -1, -1, -1]
[309, 3, [1278.4952, 371.6286, 114.6795, 176.3941], 1, -1, -1, -1]
[310, 3, [1276.5701, 366.3037, 113.1557, 183.0061], 1, -1, -1, -1]
[311, 3, [1274.6816, 371.7093, 112.2433, 181.886], 1, -1, -1, -1]
[312, 3, [1261.5521, 370.5769, 119.8311, 186.2307], 1, -1, -1, -1]
[313, 3, [1253.7479, 367.9951, 126.9688, 201.7085], 1, -1, -1, -1]
[314, 3, [1252.8898, 362.8652, 124.1102, 204.7916], 1, -1, -1, -1]
[315, 3, [1245.9467, 362.2961, 125.6794, 214.7747], 1, -1, -1, -1]
[316, 3, [1234.8037, 358.2764, 130.406, 229.3133], 1, -1, -1, -1]
[317, 3, [1225.7845, 358.3616, 135.2583, 236.8494], 1, -1, -1, -1]
[318, 3, [1200.509, 359.6956, 154.7665, 244.1005], 1, -1, -1, -1]
[319, 3, [1197.3768, 359.054, 155.9744, 244.4235], 1, -1, -1, -1]
[327, 3, [1171.7955, 346.2808, 142.0027, 255.9176], 1, -1, -1, -1]
[328, 3, [1172.6498, 343.5041, 135.9176, 257.3533], 1, -1, -1, -1]
[329, 3, [1172.7542, 341.8471, 130.6993, 259.1302], 1, -1, -1, -1]
[330, 3, [1174.1359, 339.1288, 124.7558, 261.99], 1, -1, -1, -1]
[331, 3, [1175.3954, 338.2101, 117.9816, 260.7996], 1, -1, -1, -1]
[332, 3, [1174.7279, 335.4816, 118.1194, 263.1607], 1, -1, -1, -1]
[333, 3, [1164.3318, 338.2947, 122.2814, 263.725], 1, -1, -1, -1]
[334, 3, [1164.9531, 337.5411, 120.19, 265.2427], 1, -1, -1, -1]
[335, 3, [1177.5448, 332.4476, 109.3333, 265.4149], 1, -1, -1, -1]
[336, 3, [1172.4777, 331.4415, 107.5831, 265.8993], 1, -1, -1, -1]
[337, 3, [1168.5463, 327.3006, 105.9542, 272.8964], 1, -1, -1, -1]
[338, 3, [1164.7113, 325.7453, 106.5276, 276.0869], 1, -1, -1, -1]
[339, 3, [1162.0056, 324.7848, 102.9268, 275.639], 1, -1, -1, -1]
[340, 3, [1141.5861, 325.4427, 117.1554, 275.2486], 1, -1, -1, -1]
[341, 3, [1133.072, 321.9872, 122.0012, 277.6828], 1, -1, -1, -1]
[342, 3, [1126.6277, 317.4695, 126.3003, 283.8178], 1, -1, -1, -1]
[343, 3, [1112.0447, 316.6439, 136.441, 281.0689], 1, -1, -1, -1]
[344, 3, [1109.9574, 315.7352, 134.1718, 282.8636], 1, -1, -1, -1]
[345, 3, [1107.5093, 314.8794, 132.7103, 282.0806], 1, -1, -1, -1]
[346, 3, [1106.338, 313.9057, 130.9199, 282.1033], 1, -1, -1, -1]
[347, 3, [1107.7079, 310.7372, 124.8662, 284.1633], 1, -1, -1, -1]
[348, 3, [1108.6272, 308.2428, 121.9191, 285.6968], 1, -1, -1, -1]
[349, 3, [1108.2006, 301.2931, 121.1136, 291.1897], 1, -1, -1, -1]
[350, 3, [1107.057, 304.7273, 120.0359, 283.5361], 1, -1, -1, -1]
[351, 3, [1110.406, 299.0588, 113.0841, 281.1703], 1, -1, -1, -1]
[352, 3, [1110.3608, 297.7655, 109.9259, 286.4367], 1, -1, -1, -1]
[353, 3, [1100.3354, 288.0982, 114.3719, 291.1361], 1, -1, -1, -1]
[354, 3, [1100.241, 290.8261, 113.1452, 276.8817], 1, -1, -1, -1]
[355, 3, [1098.8721, 290.1068, 112.6006, 268.0501], 1, -1, -1, -1]
[356, 3, [1097.9176, 287.8226, 110.1405, 266.2707], 1, -1, -1, -1]
[357, 3, [1095.4442, 286.3366, 113.1653, 273.5222], 1, -1, -1, -1]
[358, 3, [1092.219, 288.5408, 115.2469, 273.8625], 1, -1, -1, -1]
[1, 2, [733.6752, 0.4185, 68.5937, 99.3921], 1, -1, -1, -1]
[2, 2, [732.6116, 0.4168, 72.4073, 100.7004], 1, -1, -1, -1]
[3, 2, [728.249, 1.4501, 72.5643, 99.0561], 1, -1, -1, -1]
[4, 2, [720.367, 0.6098, 80.0887, 101.3059], 1, -1, -1, -1]
[5, 2, [720.4833, 0.9211, 78.9287, 103.0216], 1, -1, -1, -1]
[6, 2, [718.3285, 1.7038, 81.243, 104.2191], 1, -1, -1, -1]
[7, 2, [712.3699, 0.843, 86.216, 105.5], 1, -1, -1, -1]
[8, 2, [711.9601, 2.5169, 80.3979, 112.6618], 1, -1, -1, -1]
[9, 2, [711.763, 2.6528, 74.3137, 118.4139], 1, -1, -1, -1]
[10, 2, [709.0323, 2.354, 75.6774, 121.2513], 1, -1, -1, -1]
[11, 2, [708.4009, 3.5733, 73.8038, 118.6792], 1, -1, -1, -1]
[12, 2, [705.4212, 2.0759, 70.8261, 113.2842], 1, -1, -1, -1]
[13, 2, [701.5907, 1.9612, 72.454, 126.5226], 1, -1, -1, -1]
[14, 2, [695.2968, 1.0252, 75.8895, 128.0195], 1, -1, -1, -1]
[15, 2, [693.4505, 1.4341, 72.4532, 127.3301], 1, -1, -1, -1]
[16, 2, [692.6856, 2.6441, 68.4784, 124.9239], 1, -1, -1, -1]
[17, 2, [690.4615, 3.2791, 66.4722, 123.1307], 1, -1, -1, -1]
[18, 2, [686.5513, 2.7436, 65.2541, 124.194], 1, -1, -1, -1]
[19, 2, [683.9058, 2.1435, 62.8781, 126.5852], 1, -1, -1, -1]
[20, 2, [682.8389, 1.0163, 62.1167, 124.6727], 1, -1, -1, -1]
[21, 2, [670.7757, 1.5202, 69.636, 126.5453], 1, -1, -1, -1]
[22, 2, [665.5739, 1.1939, 72.3375, 126.9183], 1, -1, -1, -1]
[23, 2, [665.4887, 0.302, 70.4551, 128.5006], 1, -1, -1, -1]
[24, 2, [655.9214, 0.4564, 78.5123, 132.4769], 1, -1, -1, -1]
[25, 2, [648.0284, 1.0586, 84.2845, 129.8065], 1, -1, -1, -1]
[26, 2, [641.3305, 0.7756, 88.4501, 131.7989], 1, -1, -1, -1]
[27, 2, [635.2992, 0.3403, 95.9087, 136.2668], 1, -1, -1, -1]
[28, 2, [635.1465, 1.2607, 93.2103, 134.9856], 1, -1, -1, -1]
[29, 2, [630.4008, 0.4124, 98.3112, 139.9652], 1, -1, -1, -1]
[30, 2, [628.0933, 0.4441, 98.2467, 141.0225], 1, -1, -1, -1]
[31, 2, [628.756, 0.8807, 95.8943, 140.9881], 1, -1, -1, -1]
[32, 2, [625.1665, 1.9282, 95.7901, 141.8575], 1, -1, -1, -1]
[33, 2, [620.5256, 1.8753, 93.4801, 139.6563], 1, -1, -1, -1]
[34, 2, [617.435, 0.5221, 86.6801, 141.1379], 1, -1, -1, -1]
[35, 2, [617.39, 0.5657, 81.3566, 141.5533], 1, -1, -1, -1]
[36, 2, [616.1178, 0.8651, 75.0045, 143.6866], 1, -1, -1, -1]
[37, 2, [611.707, 1.3054, 77.526, 145.2042], 1, -1, -1, -1]
[38, 2, [610.5566, 1.334, 75.513, 148.1933], 1, -1, -1, -1]
[39, 2, [603.3667, 0.7921, 83.9732, 148.3865], 1, -1, -1, -1]
[40, 2, [593.3864, 0.7778, 93.6694, 154.3974], 1, -1, -1, -1]
[41, 2, [594.1778, 0.6522, 89.0692, 154.1209], 1, -1, -1, -1]
[42, 2, [592.3745, 0.4469, 86.3165, 159.8324], 1, -1, -1, -1]
[43, 2, [585.747, 0.0475, 90.4522, 160.2106], 1, -1, -1, -1]
[44, 2, [581.9519, 0.0186, 90.2952, 162.3433], 1, -1, -1, -1]
[45, 2, [578.407, 0.6938, 87.12, 162.9404], 1, -1, -1, -1]
[46, 2, [573.9354, 1.8828, 90.2313, 163.1491], 1, -1, -1, -1]
[47, 2, [571.2553, 1.2215, 87.6658, 163.9057], 1, -1, -1, -1]
[48, 2, [569.0848, 0.2417, 86.6007, 166.9105], 1, -1, -1, -1]
[49, 2, [567.2509, 1.1862, 80.6857, 164.4199], 1, -1, -1, -1]
[50, 2, [568.4297, 1.5905, 67.784, 164.3948], 1, -1, -1, -1]
[51, 2, [565.8521, 0.301, 63.9763, 166.8978], 1, -1, -1, -1]
[52, 2, [562.7955, 0.2626, 57.1595, 168.3563], 1, -1, -1, -1]
[53, 2, [558.4575, 0.4221, 57.1623, 170.1014], 1, -1, -1, -1]
[54, 2, [549.7333, 0.3212, 59.6825, 165.5578], 1, -1, -1, -1]
[55, 2, [543.8616, 2.6122, 63.5547, 162.4995], 1, -1, -1, -1]
[56, 2, [538.7461, 2.1608, 67.1031, 160.3163], 1, -1, -1, -1]
[57, 2, [518.2511, 0.1893, 86.4955, 167.131], 1, -1, -1, -1]
[58, 2, [506.0855, 0.3001, 98.0985, 170.5892], 1, -1, -1, -1]
[59, 2, [498.567, 2.6315, 104.5288, 169.0282], 1, -1, -1, -1]
[60, 2, [495.1643, 3.2908, 106.3574, 170.8366], 1, -1, -1, -1]
[61, 2, [493.4472, 3.7126, 108.4418, 171.534], 1, -1, -1, -1]
[62, 2, [490.6565, 2.6668, 110.5543, 175.2152], 1, -1, -1, -1]
[63, 2, [488.3828, 5.2777, 111.8413, 175.8572], 1, -1, -1, -1]
[64, 2, [486.87, 6.6852, 106.8056, 173.9729], 1, -1, -1, -1]
[65, 2, [484.9768, 6.2806, 103.7744, 175.7398], 1, -1, -1, -1]
[66, 2, [481.8364, 2.4893, 99.885, 176.9511], 1, -1, -1, -1]
[67, 2, [477.9587, 1.707, 87.7536, 178.5528], 1, -1, -1, -1]
[68, 2, [475.0492, 1.4559, 84.6895, 180.786], 1, -1, -1, -1]
[69, 2, [472.5706, 2.0994, 73.5988, 179.8301], 1, -1, -1, -1]
[70, 2, [469.0635, 2.4617, 70.2022, 186.0058], 1, -1, -1, -1]
[71, 2, [465.5076, 2.0351, 65.9342, 185.7849], 1, -1, -1, -1]
[72, 2, [459.7392, 0.4182, 82.8875, 190.2745], 1, -1, -1, -1]
[73, 2, [454.1187, 2.9408, 80.8767, 191.6537], 1, -1, -1, -1]
[74, 2, [449.5431, 6.1968, 73.4649, 201.632], 1, -1, -1, -1]
[75, 2, [439.431, 6.9674, 85.383, 200.6021], 1, -1, -1, -1]
[76, 2, [435.2097, 4.8536, 87.7691, 193.3046], 1, -1, -1, -1]
[77, 2, [424.9034, 5.8668, 96.3872, 197.9874], 1, -1, -1, -1]
[78, 2, [424.3661, 0.4093, 98.5055, 211.7865], 1, -1, -1, -1]
[79, 2, [417.1051, 10.3453, 104.7899, 199.4973], 1, -1, -1, -1]
[80, 2, [414.9945, 4.4158, 99.6852, 211.5016], 1, -1, -1, -1]
[81, 2, [411.0705, 6.3137, 98.2613, 206.4087], 1, -1, -1, -1]
[82, 2, [407.7595, 5.9158, 94.0593, 205.7256], 1, -1, -1, -1]
[83, 2, [402.548, 2.3506, 89.1307, 209.3528], 1, -1, -1, -1]
[84, 2, [402.9329, 8.653, 67.6381, 203.5502], 1, -1, -1, -1]
[85, 2, [396.5, 5.3277, 72.9022, 205.0856], 1, -1, -1, -1]
[86, 4, [1341.9946, 205.335, 91.0531, 243.7496], 1, -1, -1, -1]
[87, 4, [1338.2043, 204.4487, 96.0706, 251.1342], 1, -1, -1, -1]
[88, 4, [1337.5782, 205.0258, 98.0135, 260.7672], 1, -1, -1, -1]
[89, 4, [1337.3853, 206.0707, 99.3975, 258.7136], 1, -1, -1, -1]
[90, 4, [1334.3739, 206.4504, 101.4279, 256.687], 1, -1, -1, -1]
[91, 4, [1335.6996, 206.1796, 101.3385, 257.6204], 1, -1, -1, -1]
[92, 4, [1335.5046, 206.208, 101.3227, 256.5321], 1, -1, -1, -1]
[93, 4, [1335.8792, 205.6802, 99.374, 248.8484], 1, -1, -1, -1]
[94, 4, [1330.7914, 205.8147, 107.0199, 255.1368], 1, -1, -1, -1]
[95, 4, [1334.2072, 206.4393, 102.9865, 255.1401], 1, -1, -1, -1]
[96, 4, [1335.0649, 206.5766, 102.6327, 253.8767], 1, -1, -1, -1]
[97, 4, [1330.3492, 205.5259, 108.2223, 256.4028], 1, -1, -1, -1]
[98, 4, [1330.4557, 203.2858, 109.4149, 261.0001], 1, -1, -1, -1]
[99, 4, [1332.1414, 204.842, 107.3878, 258.4767], 1, -1, -1, -1]
[100, 4, [1333.3875, 205.297, 105.4599, 256.3669], 1, -1, -1, -1]
[101, 4, [1334.6545, 204.51, 104.4828, 259.7576], 1, -1, -1, -1]
[102, 4, [1337.7622, 202.6075, 99.1813, 261.0087], 1, -1, -1, -1]
[103,4, [1337.5405, 202.0081, 98.8334, 260.0099], 1, -1, -1, -1]
[104, 4, [1336.8813, 201.8345, 100.3022, 260.3107], 1, -1, -1, -1]
[105, 4, [1336.3328, 201.4627, 101.0254, 259.3866], 1, -1, -1, -1]
[106, 4, [1337.3307, 203.0721, 98.6062, 253.0232], 1, -1, -1, -1]
[107, 4, [1337.0521, 203.3038, 98.7022, 253.2145], 1, -1, -1, -1]
[108, 4, [1337.5784, 202.9325, 98.2973, 253.2065], 1, -1, -1, -1]
[109, 4, [1334.2156, 205.3222, 103.4438, 257.8853], 1, -1, -1, -1]
[110, 4, [1336.3529, 202.495, 99.0132, 253.9019], 1, -1, -1, -1]
[111, 4, [1336.4663, 203.2685, 99.9575, 254.7432], 1, -1, -1, -1]
[113, 4, [1334.7406, 202.6244, 100.7023, 251.5287], 1, -1, -1, -1]
[114, 3, [1550.1874, 447.4649, 99.1538, 97.7242], 1, -1, -1, -1]
[115, 3, [1555.7858, 448.8153, 95.4168, 94.4689], 1, -1, -1, -1]
[116, 3, [1560.8907, 447.2488, 97.6399, 99.4179], 1, -1, -1, -1]
[117, 3, [1566.1389, 451.238, 100.1033, 97.5745], 1, -1, -1, -1]
[118, 3, [1571.2642, 454.1348, 98.6137, 95.9931], 1, -1, -1, -1]
[119, 3, [1582.359, 456.3121, 92.3099, 96.8268], 1, -1, -1, -1]
[120, 3, [1584.2831, 456.8591, 96.7682, 98.4767], 1, -1, -1, -1]
[121, 3, [1587.6837, 460.6318, 97.3129, 97.5418], 1, -1, -1, -1]
[122, 3, [1593.9756, 463.9724, 95.8056, 96.9998], 1, -1, -1, -1]
[123, 3, [1597.1088, 464.4995, 96.785, 97.89], 1, -1, -1, -1]
[124, 3, [1601.6254, 464.7392, 99.5666, 96.3603], 1, -1, -1, -1]
[125, 3, [1605.6077, 465.0842, 100.0163, 98.2864], 1, -1, -1, -1]
[126, 3, [1607.9459, 466.0379, 103.86, 101.2451], 1, -1, -1, -1]
[127, 3, [1595.29, 481.8313, 133.1202, 261.834], 1, -1, -1, -1]
[128, 3, [1600.7765, 474.5566, 123.9392, 277.1908], 1, -1, -1, -1]
[129, 3, [1603.0493, 482.6017, 128.28, 264.5998], 1, -1, -1, -1]
[130, 3, [1596.624, 483.3347, 140.4334, 270.476], 1, -1, -1, -1]
[131, 3, [1588.7119, 484.7111, 151.351, 276.9067], 1, -1, -1, -1]
[132, 3, [1590.8879, 491.7043, 148.367, 274.5199], 1, -1, -1, -1]
[133, 3, [1590.9229, 483.6423, 156.5942, 280.2589], 1, -1, -1, -1]
[134, 3, [1594.3866, 483.6257, 157.9681, 281.7838], 1, -1, -1, -1]
[135, 3, [1593.4409, 484.6896, 164.846, 283.1953], 1, -1, -1, -1]
[136, 3, [1591.5126, 487.133, 164.4297, 279.3909], 1, -1, -1, -1]
[137, 3, [1590.2595, 489.4955, 173.0412, 273.3431], 1, -1, -1, -1]
[138, 3, [1597.1771, 490.2375, 183.3495, 271.6094], 1, -1, -1, -1]
[141, 3, [1691.5907, 497.6054, 92.3336, 100.8167], 1, -1, -1, -1]
[144, 3, [1702.604, 500.6216, 96.8052, 103.1544], 1, -1, -1, -1]
[146, 3, [1711.6443, 507.5474, 96.0878, 102.4437], 1, -1, -1, -1]
[154, 3, [1742.7594, 528.1516, 94.761, 140.411], 1, -1, -1, -1]
[158, 3, [1749.1158, 536.8657, 100.9494, 148.8083], 1, -1, -1, -1]
[167, 3, [1746.4104, 543.6288, 123.162, 149.4418], 1, -1, -1, -1]
[172, 3, [1749.3456, 546.78, 134.8066, 164.7165], 1, -1, -1, -1]
[176, 3, [1760.0637, 545.2221, 131.3981, 163.6403], 1, -1, -1, -1]
[177, 3, [1761.4646, 545.7355, 132.3042, 166.8166], 1, -1, -1, -1]
[178, 3, [1764.4738, 554.3619, 136.8658, 273.1053], 1, -1, -1, -1]
[179, 3, [1760.7932, 544.9438, 147.1137, 352.5726], 1, -1, -1, -1]
[180, 3, [1757.0571, 544.0776, 154.3383, 357.2937], 1, -1, -1, -1]
[181, 3, [1749.9512, 547.0476, 162.9343, 351.2668], 1, -1, -1, -1]
[182, 3, [1753.2454, 546.919, 154.9703, 351.0062], 1, -1, -1, -1]
[183, 3, [1769.6718, 550.9299, 133.4277, 173.3642], 1, -1, -1, -1]
[184, 3, [1771.6742, 551.6512, 133.0635, 170.5885], 1, -1, -1, -1]
[185, 3, [1774.0167, 551.7427, 133.1074, 167.7763], 1, -1, -1, -1]
[186, 3, [1770.9276, 552.9469, 135.5824, 169.6386], 1, -1, -1, -1]
[187, 3, [1778.6838, 552.7386, 129.0508, 172.3158], 1, -1, -1, -1]
[188, 3, [1775.8676, 552.5383, 130.7668, 177.0136], 1, -1, -1, -1]
[189, 3, [1778.4211, 552.254, 129.4541, 177.3673], 1, -1, -1, -1]
[190, 3, [1776.406, 553.8903, 132.8436, 180.0725], 1, -1, -1, -1]
[191, 3, [1774.7479, 551.6882, 135.3612, 182.508], 1, -1, -1, -1]
[192, 3, [1775.2429, 554.9171, 136.2631, 193.9701], 1, -1, -1, -1]
[193, 3, [1749.5129, 548.8357, 164.9024, 380.5015], 1, -1, -1, -1]
[194,3, [1740.7379, 547.4511, 170.6443, 371.5321], 1, -1, -1, -1]
[201, 3, [1764.5225, 537.7575, 132.0225, 157.0769], 1, -1, -1, -1]
[202, 3, [1767.7308, 534.2357, 123.5713, 129.411], 1, -1, -1, -1]
[205, 3, [1758.0817, 531.3779, 124.3709, 201.375], 1, -1, -1, -1]
[206, 3, [1758.8719, 528.3187, 120.4189, 212.5388], 1, -1, -1, -1]
[207, 3, [1755.926, 524.5654, 120.403, 203.8382], 1, -1, -1, -1]
[208, 3, [1757.3597, 525.1373, 113.5518, 148.558], 1, -1, -1, -1]
[209, 3, [1758.8673, 522.6846, 107.169, 140.6695], 1, -1, -1, -1]
[210, 3, [1748.1564, 520.3832, 113.0957, 188.9352], 1, -1, -1, -1]
[211, 3, [1746.9426, 518.2463, 110.6542, 189.7783], 1, -1, -1, -1]
[212, 3, [1744.073, 517.3355, 110.3915, 191.2821], 1, -1, -1, -1]
[213, 3, [1736.8684, 518.1804, 114.9158, 185.4277], 1, -1, -1, -1]
[214, 3, [1740.2367, 516.8384, 108.5137, 183.5295], 1, -1, -1, -1]
[215, 3, [1738.6805, 514.9476, 107.5766, 185.274], 1, -1, -1, -1]
[216, 3, [1736.9281, 512.7878, 107.1296, 186.2301], 1, -1, -1, -1]
[217, 3, [1737.9203, 509.9381, 104.3835, 179.9754], 1, -1, -1, -1]
[219, 3, [1737.9652, 508.3168, 98.6752, 176.8764], 1, -1, -1, -1]
[225, 3, [1728.4836, 502.3253, 85.7922, 182.8864], 1, -1, -1, -1]
[232, 3, [1610.2737, 504.0995, 161.3642, 260.1989], 1, -1, -1, -1]
[233, 3, [1606.0828, 501.7981, 158.1944, 264.2757], 1, -1, -1, -1]
[234, 3, [1591.7953, 491.8886, 175.9416, 269.8679], 1, -1, -1, -1]
[235, 3, [1608.8163, 501.5692, 150.3721, 264.0219], 1, -1, -1, -1]
[236, 3, [1604.6727, 497.913, 150.2919, 263.8026], 1, -1, -1, -1]
[237, 3, [1587.045, 487.4707, 165.3538, 272.9319], 1, -1, -1, -1]
[238, 3, [1590.5586, 485.3869, 161.2057, 273.3724], 1, -1, -1, -1]
[239, 3, [1589.2247, 483.0159, 158.3128, 276.4857], 1, -1, -1, -1]
[240, 3, [1587.4039, 481.5203, 153.4926, 282.4023], 1, -1, -1, -1]
[241, 3, [1588.1687, 478.5876, 149.339, 285.1393], 1, -1, -1, -1]
[242, 3, [1583.7684, 477.6554, 148.3304, 283.5884], 1, -1, -1, -1]
[243, 3, [1590.5486, 482.6556, 138.9037, 280.465], 1, -1, -1, -1]
[246, 3, [1593.7588, 476.684, 123.4968, 268.0577], 1, -1, -1, -1]
[247, 3, [1591.5471, 477.2283, 125.4822, 269.2542], 1, -1, -1, -1]
[252, 3, [1589.34, 468.2486, 93.5256, 284.8005], 1, -1, -1, -1]
[253, 3, [1595.1774, 466.8481, 82.3164, 293.5955], 1, -1, -1, -1]
[254, 3, [1593.7108, 465.2821, 73.1432, 286.8926], 1, -1, -1, -1]
[255, 3, [1593.9392, 463.6182, 69.5202, 294.1963], 1, -1, -1, -1]
[256, 3, [1591.7366, 462.2319, 66.9634, 100.1635], 1, -1, -1, -1]
[257, 3, [1570.3981, 460.2776, 81.3452, 294.9375], 1, -1, -1, -1]
[258, 3, [1567.0923, 449.6237, 81.4864, 301.3995], 1, -1, -1, -1]
[259, 3, [1575.0638, 453.7886, 60.4041, 93.1241], 1, -1, -1, -1]
[260, 3, [1568.8827, 450.1148, 63.1803, 93.5424], 1, -1, -1, -1]
[261, 3, [1564.0228, 446.2734, 63.9744, 96.3085], 1, -1, -1, -1]
[262, 3, [1557.9583, 443.9568, 65.3609, 97.3513], 1, -1, -1, -1]
[263, 3, [1553.7385, 442.2404, 64.6612, 97.7976], 1, -1, -1, -1]
[264, 3, [1548.8689, 440.3788, 65.3337, 97.0421], 1, -1, -1, -1]
[265, 3, [1545.4731, 440.556, 64.4034, 97.3006], 1, -1, -1, -1]
[266, 3, [1540.3716, 437.8301, 63.9261, 97.7939], 1, -1, -1, -1]
[267, 3, [1535.1105, 434.8994, 65.6057, 99.4224], 1, -1, -1, -1]
[268, 3, [1530.7806, 433.9334, 66.3428, 99.4046], 1, -1, -1, -1]
[269, 3, [1525.3873, 432.3971, 67.0954, 99.3721], 1, -1, -1, -1]
[270, 3, [1520.4473, 431.6845, 67.1986, 99.8631], 1, -1, -1, -1]
[271, 3, [1430.8927, 430.9571, 150.9657, 274.0949], 1, -1, -1, -1]
[272, 3, [1419.3015, 426.8175, 159.2254, 278.6594], 1, -1, -1, -1]
[273, 3, [1406.7596, 424.7704, 170.9323, 271.3591], 1, -1, -1, -1]
[274, 3, [1394.9618, 423.3272, 177.0665, 267.4758], 1, -1, -1, -1]
[275, 3, [1394.502, 421.9804, 173.3004, 264.0441], 1, -1, -1, -1]
[276, 3, [1384.8389, 422.7729, 173.8044, 275.4641], 1, -1, -1, -1]
[277, 3, [1383.1504, 421.1496, 174.1805, 276.6482], 1, -1, -1, -1]
[278, 3, [1382.3231, 423.4781, 169.0739, 270.0316], 1, -1, -1, -1]
[279, 3, [1383.2404, 423.0391, 162.1358, 270.3602], 1, -1, -1, -1]
[280, 3, [1383.797, 422.2011, 157.9642, 270.407], 1, -1, -1, -1]
[281, 3, [1382.9794, 420.041, 154.2243, 276.4731], 1, -1, -1, -1]
[282, 3, [1385.0743, 419.5929, 145.3888, 276.9837], 1, -1, -1, -1]
[283, 3, [1385.2714, 419.3732, 136.3922, 274.2018], 1, -1, -1, -1]
[284, 3, [1387.0759, 415.0301, 130.6831, 282.4047], 1, -1, -1, -1]
[285, 3, [1387.7848, 418.7836, 125.4202, 275.5493], 1, -1, -1, -1]
[286, 3, [1387.775, 431.5652, 120.647, 261.0004], 1, -1, -1, -1]
[287, 3, [1391.1621, 441.9048, 108.1902, 244.2012], 1, -1, -1, -1]
[288, 3, [1389.1188, 443.8391, 101.4352, 246.9744], 1, -1, -1, -1]
[289, 3, [1389.0953, 447.2868, 94.8256, 241.5068], 1, -1, -1, -1]
[297, 3, [1363.5009, 401.5519, 76.0924, 88.3238], 1, -1, -1, -1]
[298, 3, [1352.2885, 397.3519, 80.0161, 114.2459], 1, -1, -1, -1]
[299, 3, [1347.9973, 391.4208, 81.6752, 125.6784], 1, -1, -1, -1]
[300, 3, [1340.572, 388.0324, 87.0917, 126.3662], 1, -1, -1, -1]
[301, 3, [1341.9552, 382.9059, 84.4888, 129.1868], 1, -1, -1, -1]
[302, 4, [1345.1743, 211.4424, 104.4498, 187.3735], 1, -1, -1, -1]
[303, 4, [1353.8281, 210.9802, 98.5197, 180.2129], 1, -1, -1, -1]
[304, 4, [1359.0349, 211.2355, 91.1963, 163.3161], 1, -1, -1, -1]
[305, 4, [1357.4042, 210.4582, 94.2196, 176.5309], 1, -1, -1, -1]
[306, 4, [1360.5984, 210.6068, 90.0994, 193.4562], 1, -1, -1, -1]
[307, 4, [1357.1102, 209.2635, 95.1358, 246.353], 1, -1, -1, -1]
[308, 4, [1356.8333, 210.4496, 95.7004, 222.9879], 1, -1, -1, -1]
[309, 4, [1353.3474, 208.844, 98.8919, 193.2033], 1, -1, -1, -1]
[310, 4, [1348.2744, 209.1197, 104.1369, 193.157], 1, -1, -1, -1]
[311,4, [1332.9567, 210.2778, 118.3923, 250.2128], 1, -1, -1, -1]
[312, 4, [1334.1239, 203.7027, 119.2803, 224.7325], 1, -1, -1, -1]
[313, 4, [1336.6643, 204.127, 115.7969, 248.1149], 1, -1, -1, -1]
[314, 4, [1346.0869, 207.0858, 107.105, 263.7251], 1, -1, -1, -1]
[315, 4, [1343.6765, 203.093, 110.3887, 259.6897], 1, -1, -1, -1]
[316, 4, [1339.4604, 209.3117, 116.0021, 257.8124], 1, -1, -1, -1]
[317, 4, [1336.5229, 209.4739, 120.2339, 257.7732], 1, -1, -1, -1]
[318, 4, [1336.2642, 208.0562, 122.118, 261.4995], 1, -1, -1, -1]
[319, 4, [1335.0527, 208.7642, 124.1083, 258.8941], 1, -1, -1, -1]
[320, 3, [1189.4194, 358.0275, 153.3196, 248.7205], 1, -1, -1, -1]
[321, 3, [1179.3879, 356.0981, 161.852, 247.6032], 1, -1, -1, -1]
[322, 3, [1173.9097, 357.0482, 163.0713, 246.8367], 1, -1, -1, -1]
[323, 3, [1173.715, 355.1939, 154.3519, 248.4392], 1, -1, -1, -1]
[324, 3, [1174.0656, 350.7035, 148.9688, 252.3612], 1, -1, -1, -1]
[325, 3, [1173.859, 349.5493, 142.0604, 252.6497], 1, -1, -1, -1]
[326, 3, [1174.9434, 352.0298, 139.5577, 249.8372], 1, -1, -1, -1]
[327, 4, [1325.0935, 199.6155, 127.3397, 262.6366], 1, -1, -1, -1]
[328, 4, [1326.538, 198.5265, 125.009, 264.6479], 1, -1, -1, -1]
[329, 4, [1325.4821, 197.6772, 125.0612, 264.6477], 1, -1, -1, -1]
[330, 4, [1323.4711, 197.6104, 127.4073, 261.2498], 1, -1, -1, -1]
[331, 4, [1323.6611, 196.8479, 127.2096, 261.3284], 1, -1, -1, -1]
[332, 4, [1327.0383, 191.1648, 120.8481, 267.6825], 1, -1, -1, -1]
[333, 4, [1324.2542, 192.5104, 121.3825, 264.2188], 1, -1, -1, -1]
[334, 4, [1327.3385, 192.9353, 118.0317, 264.2591], 1, -1, -1, -1]
[335, 4, [1324.8181, 198.0984, 122.5133, 259.2277], 1, -1, -1, -1]
[336, 4, [1321.0984, 195.2666, 128.529, 260.8733], 1, -1, -1, -1]
[337, 4, [1330.431, 188.1565, 114.5673, 265.9915], 1, -1, -1, -1]
[338, 4, [1324.5947, 195.8849, 125.3393, 259.1458], 1, -1, -1, -1]
[339, 4, [1324.933, 191.5607, 122.3635, 254.6267], 1, -1, -1, -1]
[340, 4, [1324.3289, 194.5237, 123.2937, 256.7042], 1, -1, -1, -1]
[341, 4, [1314.4075, 193.7066, 135.3473, 259.3278], 1, -1, -1, -1]
[342, 4, [1317.3666, 188.2022, 129.6329, 256.3153], 1, -1, -1, -1]
[343, 4, [1317.4609, 187.4211, 129.7483, 258.9664], 1, -1, -1, -1]
[344, 4, [1322.3562, 188.5232, 124.2853, 257.1012], 1, -1, -1, -1]
[345, 4, [1325.7426, 187.8112, 119.8209, 259.0729], 1, -1, -1, -1]
[346, 4, [1325.817, 186.6717, 119.7709, 261.9479], 1, -1, -1, -1]
[347, 4, [1327.828, 187.3444, 118.1405, 265.8632], 1, -1, -1, -1]
[348, 4, [1324.189, 186.234, 122.9771, 268.6849], 1, -1, -1, -1]
[349, 4, [1325.4392, 188.6624, 120.4882, 261.1881], 1, -1, -1, -1]
[350, 4, [1323.7589, 191.0905, 122.1961, 258.3193], 1, -1, -1, -1]
[351, 4, [1323.5811, 190.6034, 123.2467, 258.1091], 1, -1, -1, -1]
[352, 4, [1322.833, 190.4483, 124.9913, 256.7901], 1, -1, -1, -1]
[353, 4, [1323.2937, 190.6194, 125.3886, 255.6168], 1, -1, -1, -1]
[354, 4, [1325.34, 187.919, 123.3878, 256.6689], 1, -1, -1, -1]
[355, 4, [1324.05, 187.5933, 124.7264, 259.9684], 1, -1, -1, -1]
[356, 4, [1322.4561, 187.945, 126.4408, 258.0657], 1, -1, -1, -1]
[357, 4, [1320.3589, 188.0285, 129.8544, 262.6854], 1, -1, -1, -1]
[358, 4, [1324.0703, 193.2796, 126.9462, 265.2501], 1, -1, -1, -1]
[1, 3, [1086.4441, 278.3875, 131.5958, 281.7557], 1, -1, -1, -1]
[2, 3, [1093.2266, 278.5351, 124.8302, 283.3972], 1, -1, -1, -1]
[3, 3, [1094.6487, 278.1299, 122.7689, 286.3084], 1, -1, -1, -1]
[4, 3, [1088.2588, 278.8748, 129.3863, 286.9375], 1, -1, -1, -1]
[5, 3, [1092.8392, 280.4287, 122.2661, 287.818], 1, -1, -1, -1]
[6, 3, [1094.2876, 280.2192, 120.767, 289.5445], 1, -1, -1, -1]
[7, 3, [1097.9989, 283.3171, 117.2999, 286.2523], 1, -1, -1, -1]
[8, 3, [1097.8849, 280.5917, 114.7937, 292.8278], 1, -1, -1, -1]
[9, 3, [1098.547, 287.7657, 114.1547, 291.2242], 1, -1, -1, -1]
[10, 3, [1098.6281, 289.7512, 112.3424, 291.0024], 1, -1, -1, -1]
[11, 3, [1103.2655, 290.1985, 107.5614, 292.5696], 1, -1, -1, -1]
[12, 3, [1102.6421, 291.2091, 107.5653, 293.0814], 1, -1, -1, -1]
[13, 3, [1101.0784, 294.3943, 110.1683, 292.3908], 1, -1, -1, -1]
[14, 3, [1106.4688, 293.7722, 104.7203, 294.1932], 1, -1, -1, -1]
[15, 3, [1113.2272, 287.3611, 101.5284, 300.105], 1, -1, -1, -1]
[16, 3, [1116.7637, 292.1824, 96.3752, 298.4986], 1, -1, -1, -1]
[17, 3, [1117.1117, 291.332, 99.5464, 300.0437], 1, -1, -1, -1]
[18, 3, [1117.4613, 292.2495, 101.9188, 299.9727], 1, -1, -1, -1]
[19, 3, [1118.4391, 293.143, 103.8263, 299.0652], 1, -1, -1, -1]
[20, 3, [1117.3903, 293.232, 106.8201, 298.2734], 1, -1, -1, -1]
[21, 3, [1117.2585, 296.8116, 108.41, 294.9851], 1, -1, -1, -1]
[22, 3, [1116.8635, 303.5623, 110.3543, 287.149], 1, -1, -1, -1]
[23, 3, [1116.1774, 307.673, 111.964, 282.1803], 1, -1, -1, -1]
[24, 3, [1115.8026, 308.8482, 113.7207, 280.8062], 1, -1, -1, -1]
[25, 3, [1117.2247, 305.2053, 116.5607, 283.9159], 1, -1, -1, -1]
[26, 3, [1117.8234, 306.2197, 117.9525, 282.8506], 1, -1, -1, -1]
[27, 3, [1120.7966, 310.9304, 115.6756, 277.5115], 1, -1, -1, -1]
[28, 3, [1125.1145, 313.9851, 110.4296, 274.2848], 1, -1, -1, -1]
[29, 3, [1128.6095, 314.6728, 108.5636, 273.3908], 1, -1, -1, -1]
[30, 3, [1134.7097, 314.544, 108.9014, 274.8128], 1, -1, -1, -1]
[31, 3, [1138.4773, 318.2386, 110.957, 269.0329], 1, -1, -1, -1]
[32, 3, [1140.3065, 320.1757, 111.6211, 267.3103], 1, -1, -1, -1]
[33, 3, [1141.3794, 324.2589, 111.0665, 262.3576], 1, -1, -1, -1]
[34, 3, [1140.424, 325.4403, 114.3292, 257.6245], 1, -1, -1, -1]
[35, 3, [1139.1763, 325.82, 117.609, 257.8326], 1, -1, -1, -1]
[36, 3, [1139.1208, 326.0887, 117.3544, 259.5123], 1, -1, -1, -1]
[37, 3, [1139.4628, 325.6195, 124.5677, 259.9451], 1, -1, -1, -1]
[38, 3, [1140.75, 327.7379, 124.6577, 258.222], 1, -1, -1, -1]
[39, 3, [1141.0981, 328.9582, 129.2117, 258.0616], 1, -1, -1, -1]
[40, 3, [1142.3601, 329.4033, 131.2739, 259.9926], 1, -1, -1, -1]
[41, 3, [1142.708, 328.4782, 139.2715, 260.583], 1, -1, -1, -1]
[42, 3, [1140.8175, 329.3634, 143.0327, 261.66], 1, -1, -1, -1]
[43, 3, [1141.2451, 334.2375, 143.7954, 257.262], 1, -1, -1, -1]
[44, 3, [1141.7258, 332.5332, 145.3029, 257.1151], 1, -1, -1, -1]
[45, 3, [1144.619, 333.5775, 144.454, 256.2157], 1, -1, -1, -1]
[46, 3, [1143.3938, 330.6628, 151.9414, 260.7756], 1, -1, -1, -1]
[47, 3, [1146.7856, 333.5293, 149.7679, 258.4949], 1, -1, -1, -1]
[48, 3, [1155.1754, 339.3639, 149.8295, 245.9368], 1, -1, -1, -1]
[49, 3, [1155.0099, 339.5643, 153.5469, 246.3955], 1, -1, -1, -1]
[50, 3, [1153.4921, 339.7207, 160.228, 248.9114], 1, -1, -1, -1]
[51, 3, [1156.3129, 338.2031, 164.342, 251.102], 1, -1, -1, -1]
[52, 3, [1158.3374, 337.0773, 165.1899, 253.5774], 1, -1, -1, -1]
[53, 3, [1165.1265, 336.6542, 161.3868, 254.2853], 1, -1, -1, -1]
[54, 3, [1174.1615, 337.8524, 162.1097, 248.6497], 1, -1, -1, -1]
[55, 3, [1176.3854, 342.8838, 162.7765, 246.3045], 1, -1, -1, -1]
[56, 3, [1187.0427, 341.6169, 153.4594, 251.1939], 1, -1, -1, -1]
[57, 3, [1198.0175, 344.4727, 144.7519, 247.3184], 1, -1, -1, -1]
[58, 3, [1213.0243, 345.505, 134.108, 243.066], 1, -1, -1, -1]
[59, 3, [1217.314, 346.6704, 136.4638, 249.1323], 1, -1, -1, -1]
[60, 3, [1243.2412, 346.6221, 119.3695, 234.6189], 1, -1, -1, -1]
[61, 3, [1246.5913, 351.6659, 122.0552, 230.7896], 1, -1, -1, -1]
[62, 3, [1248.417, 353.6724, 121.974, 225.6238], 1, -1, -1, -1]
[63, 3, [1247.7365, 351.7762, 120.9809, 224.772], 1, -1, -1, -1]
[64, 3, [1249.9731, 356.902, 119.0018, 216.5517], 1, -1, -1, -1]
[65, 3, [1255.6808, 361.2464, 121.1785, 201.9161], 1, -1, -1, -1]
[66, 3, [1271.839, 361.5773, 119.8675, 195.7042], 1, -1, -1, -1]
[67, 3, [1277.7771, 362.1602, 117.7885, 187.8272], 1, -1, -1, -1]
[68, 3, [1289.9589, 375.2727, 92.9146, 164.3679], 1, -1, -1, -1]
[69, 3, [1289.5691, 376.9548, 102.4729, 170.4721], 1, -1, -1, -1]
[70, 3, [1293.2318, 381.5358, 101.2748, 161.0023], 1, -1, -1, -1]
[71, 3, [1303.8408, 375.5538, 108.6383, 162.4881], 1, -1, -1, -1]
[72, 3, [1308.2223, 367.1238, 112.0752, 162.6137], 1, -1, -1, -1]
[73, 3, [1311.377, 371.1362, 107.5997, 162.0477], 1, -1, -1, -1]
[74, 3, [1322.4244, 376.6572, 106.0872, 151.8531], 1, -1, -1, -1]
[75, 3, [1326.6669, 370.3121, 106.2087, 155.7112], 1, -1, -1, -1]
[76, 4, [1336.2461, 210.0337, 94.1953, 217.2559], 1, -1, -1, -1]
[77, 4, [1335.5056, 208.398, 92.6502, 221.46], 1, -1, -1, -1]
[78, 4, [1332.3812, 208.6424, 96.4176, 228.1517], 1, -1, -1, -1]
[79, 4, [1332.5723, 209.0848, 96.227, 230.0471], 1, -1, -1, -1]
[80, 4, [1333.3168, 209.0785, 98.306, 232.263], 1, -1, -1, -1]
[81, 4, [1336.5848, 207.237, 94.5144, 233.8409], 1, -1, -1, -1]
[82, 4, [1339.2255, 206.5924, 91.9845, 235.858], 1, -1, -1, -1]
[83, 4, [1338.0472, 206.3068, 93.6498, 238.4994], 1, -1, -1, -1]
[84, 4, [1337.7104, 207.2812, 93.2148, 237.4736], 1, -1, -1, -1]
[85, 4, [1338.0349, 206.5365, 94.6404, 239.8893], 1, -1, -1, -1]
[88, 3, [1405.2258, 401.6756, 86.3512, 274.7145], 1, -1, -1, -1]
[89, 3, [1410.7698, 405.0507, 83.8733, 275.2199], 1, -1, -1, -1]
[90, 3, [1409.5521, 413.0646, 91.6314, 271.1527], 1, -1, -1, -1]
[91, 3, [1406.0813, 409.3643, 106.6256, 280.4755], 1, -1, -1, -1]
[92, 3, [1409.0227, 409.412, 115.0745, 275.337], 1, -1, -1, -1]
[93, 3, [1407.0264, 413.1159, 122.2984, 272.1807], 1, -1, -1, -1]
[94, 3, [1402.0316, 412.6893, 131.5053, 272.1783], 1, -1, -1, -1]
[95, 3, [1405.0186, 415.2804, 135.7507, 268.8993], 1, -1, -1, -1]
[96, 3, [1405.4336, 416.8297, 141.9718, 267.8368], 1, -1, -1, -1]
[97, 3, [1404.847, 417.0573, 147.6176, 265.7257], 1, -1, -1, -1]
[98, 3, [1404.3445, 418.8115, 153.7903, 265.5265], 1, -1, -1, -1]
[99, 3, [1403.6101, 420.2625, 156.6068, 266.0558], 1, -1, -1, -1]
[100, 3, [1413.9128, 412.6946, 157.8084, 278.9577], 1, -1, -1, -1]
[101, 3, [1425.1035, 415.6346, 152.9557, 274.1966], 1, -1, -1, -1]
[102, 3, [1433.8143, 418.5128, 145.8418, 271.5452], 1, -1, -1, -1]
[103, 3, [1436.1556, 420.1927, 148.5531, 271.4946], 1, -1, -1, -1]
[104, 3, [1439.9225, 419.5216, 151.4979, 272.8098], 1, -1, -1, -1]
[105, 3, [1441.5603, 419.4636, 158.9727, 278.877], 1, -1, -1, -1]
[106, 3, [1437.9692, 424.8668, 163.7625, 274.8644], 1, -1, -1, -1]
[107, 3, [1437.8011, 426.4378, 167.9085, 270.2238], 1, -1, -1, -1]
[108, 3, [1441.0917, 425.7582, 175.8375, 277.6692], 1, -1, -1, -1]
[109, 3, [1441.0426, 432.5516, 179.4989, 279.72], 1, -1, -1, -1]
[110, 3, [1436.2689, 439.886, 184.8279, 269.2463], 1, -1, -1, -1]
[111, 4, [1532.2822, 440.2114, 95.7995, 94.9991], 1, -1, -1, -1]
[112, 3, [1334.4633, 202.6001, 101.4711, 253.9129], 1, -1, -1, -1]
[113, 3, [1542.8361, 442.5759, 99.0234, 97.7385], 1, -1, -1, -1]
[127, 3, [1613.9291, 471.1349, 99.26, 95.8329], 1, -1, -1, -1]
[128, 3, [1617.0902, 475.5786, 100.9157, 95.6079], 1, -1, -1, -1]
[181, 3, [1766.3484, 550.7214, 131.5961, 181.5746], 1, -1, -1, -1]
[182, 3, [1772.6208, 553.8993, 129.1535, 189.1349], 1, -1, -1, -1]
[257, 3, [1584.2576, 460.8313, 62.9372, 91.8237], 1, -1, -1, -1]
[258, 3, [1580.4414, 457.8421, 63.4237, 91.724], 1, -1, -1, -1]
[320, 4, [1324.5891, 206.2962, 131.8557, 257.655], 1, -1, -1, -1]
[321, 4, [1320.9152, 206.5037, 133.9266, 256.9376], 1, -1, -1, -1]
[322, 4, [1318.8604, 205.2086, 140.8685, 241.1287], 1, -1, -1, -1]
[323, 4, [1317.9736, 203.3946, 137.1447, 259.223], 1, -1, -1, -1]
[324, 4, [1317.8738, 203.2034, 134.6932, 256.4391], 1, -1, -1, -1]
[325, 4, [1322.1322, 201.4128, 132.1292, 262.3293], 1, -1, -1, -1]
[326, 4, [1327.1708, 199.4881, 126.3127, 265.7528], 1, -1, -1, -1]
[1, 4, [1306.8475, 201.9711, 133.3694, 262.2414], 1, -1, -1, -1]
[2, 4, [1308.2814, 200.0956, 131.8678, 261.7592], 1, -1, -1, -1]
[3, 4, [1311.7161, 199.7799, 129.0876, 261.4126], 1, -1, -1, -1]
[4, 4, [1314.3129, 198.3403, 126.943, 261.1532], 1, -1, -1, -1]
[5, 4, [1319.4144, 202.8076, 120.0952, 257.5227], 1, -1, -1, -1]
[6, 4, [1321.1703, 201.3019, 116.9747, 259.8246], 1, -1, -1, -1]
[7, 4, [1319.3573, 202.9115, 119.6096, 257.8416], 1, -1, -1, -1]
[8, 4, [1318.5806, 202.4109, 119.8099, 258.9297], 1, -1, -1, -1]
[9, 4, [1318.8282, 202.2518, 119.2846, 259.104], 1, -1, -1, -1]
[10, 4, [1319.9163, 202.6237, 118.0258, 258.6952], 1, -1, -1, -1]
[11, 4, [1319.9303, 202.2085, 118.4675, 259.6887], 1, -1, -1, -1]
[12, 4, [1322.1134, 196.8315, 114.0667, 256.4071], 1, -1, -1, -1]
[13, 4, [1317.7821, 204.9663, 123.1375, 258.9729], 1, -1, -1, -1]
[14, 4, [1319.7692, 204.9018, 120.5338, 259.1165], 1, -1, -1, -1]
[15, 4, [1319.8641, 205.8822, 120.623, 256.934], 1, -1, -1, -1]
[16, 4, [1317.8011, 203.5015, 124.363, 258.7368], 1, -1, -1, -1]
[17, 4, [1317.441, 203.4753, 124.2826, 259.436], 1, -1, -1, -1]
[18, 4, [1317.3804, 204.1804, 123.8625, 258.2999], 1, -1, -1, -1]
[19, 4, [1314.6034, 205.2971, 125.7184, 254.8531], 1, -1, -1, -1]
[20, 4, [1316.1847, 204.7197, 124.6016, 255.9922], 1, -1, -1, -1]
[21, 4, [1314.9026, 204.6597, 126.244, 257.3294], 1, -1, -1, -1]
[22, 4, [1316.2683, 203.1104, 124.1405, 257.878], 1, -1, -1, -1]
[23, 4, [1315.0718, 204.2305, 126.0669, 257.1005], 1, -1, -1, -1]
[24, 4, [1316.9679, 204.3085, 123.4551, 256.4363], 1, -1, -1, -1]
[25, 4, [1323.0343, 198.91, 114.7484, 255.7085], 1, -1, -1, -1]
[26, 4, [1320.5648, 197.759, 117.1124, 255.7454], 1, -1, -1, -1]
[27, 4, [1319.9862, 201.4498, 119.9235, 259.9455], 1, -1, -1, -1]
[28, 4, [1319.101, 200.2884, 121.4127, 261.6983], 1, -1, -1, -1]
[29, 4, [1319.0005, 200.5363, 120.37, 260.6732], 1, -1, -1, -1]
[30, 4, [1317.1472, 201.8307, 122.8201, 259.0322], 1, -1, -1, -1]
[31, 4, [1317.5216, 202.6208, 121.9066, 258.5656], 1, -1, -1, -1]
[32, 4, [1316.4323, 204.0183, 122.5332, 257.0569], 1, -1, -1, -1]
[33, 4, [1317.1907, 201.3853, 120.9093, 260.6262], 1, -1, -1, -1]
[34, 4, [1321.9331, 197.4417, 113.953, 259.7441], 1, -1, -1, -1]
[35, 4, [1319.9165, 198.5003, 116.2394, 258.9846], 1, -1, -1, -1]
[36, 4, [1320.7803, 197.7345, 115.2842, 258.5259], 1, -1, -1, -1]
[37, 4, [1320.1857, 193.9541, 116.8774, 262.5061], 1, -1, -1, -1]
[38, 4, [1319.0277, 196.6378, 118.0535, 260.0972], 1, -1, -1, -1]
[39, 4, [1322.8188, 194.0881, 113.2758, 261.2769], 1, -1, -1, -1]
[40, 4, [1322.6901, 194.62, 113.6884, 262.2068], 1, -1, -1, -1]
[41, 4, [1322.9236, 195.917, 113.336, 260.6096], 1, -1, -1, -1]
[42, 4, [1320.8121, 200.4562, 117.396, 262.4686], 1, -1, -1, -1]
[43, 4, [1320.976, 199.6772, 117.3175, 264.5762], 1, -1, -1, -1]
[44, 4, [1320.5917, 200.6977, 116.8628, 263.5643], 1, -1, -1, -1]
[45, 4, [1320.5511, 202.0168, 117.5629, 260.7037], 1, -1, -1, -1]
[46, 4, [1320.1041, 202.9682, 117.5409, 260.0207], 1, -1, -1, -1]
[47, 4, [1321.5936, 203.0157, 116.6035, 258.7413], 1, -1, -1, -1]
[48, 4, [1320.0428, 203.5736, 117.5826, 260.4007], 1, -1, -1, -1]
[49, 4, [1325.0588, 203.2825, 113.729, 260.1902], 1, -1, -1, -1]
[50, 4, [1323.4019, 205.1438, 108.746, 253.2526], 1, -1, -1, -1]
[51, 4, [1327.1348, 203.5316, 109.5533, 259.7489], 1, -1, -1, -1]
[52, 4, [1330.1771, 204.3199, 106.0471, 260.5991], 1, -1, -1, -1]
[53, 4, [1326.7866, 204.0474, 109.4562, 261.3527], 1, -1, -1, -1]
[54, 4, [1328.983, 206.1452, 106.6994, 257.5417], 1, -1, -1, -1]
[55, 4, [1333.2635, 207.9665, 102.8323, 257.3079], 1, -1, -1, -1]
[56, 4, [1332.7042, 208.7086, 103.506, 257.0565], 1, -1, -1, -1]
[57, 4, [1328.723, 209.018, 108.0666, 254.5759], 1, -1, -1, -1]
[58, 4, [1333.0273, 210.1445, 104.7919, 256.6743], 1, -1, -1, -1]
[59, 4, [1331.6356, 212.3112, 106.2827, 254.0026], 1, -1, -1, -1]
[60, 4, [1333.2388, 210.4237, 104.2313, 253.0834], 1, -1, -1, -1]
[61, 4, [1335.5388, 209.6385, 99.0148, 257.3755], 1, -1, -1, -1]
[62, 4, [1340.4812, 211.3219, 93.7758, 257.0662], 1, -1, -1, -1]
[63, 4, [1337.3555, 211.0052, 97.8235, 252.9053], 1, -1, -1, -1]
[64, 4, [1340.668, 212.6803, 92.5721, 255.7608], 1, -1, -1, -1]
[65, 4, [1332.6719, 211.4628, 100.3816, 249.647], 1, -1, -1, -1]
[66, 4, [1336.6119, 210.9703, 95.946, 248.7863], 1, -1, -1, -1]
[67, 4, [1339.2727, 210.4048, 94.2664, 255.675], 1, -1, -1, -1]
[68, 4, [1338.8328, 210.2976, 95.8996, 252.3072], 1, -1, -1, -1]
[69, 4, [1342.974, 209.0853, 93.0221, 257.4387], 1, -1, -1, -1]
[70, 4, [1342.3552, 210.5127, 91.667, 250.5608], 1, -1, -1, -1]
[71, 4, [1342.0494, 210.278, 90.8547, 170.4195], 1, -1, -1, -1]
[72, 4, [1337.7067, 208.1219, 97.139, 170.8737], 1, -1, -1, -1]
[73, 4, [1339.1565, 208.8165, 96.5566, 179.9262], 1, -1, -1, -1]
[74, 4, [1337.9181, 208.5955, 96.8479, 180.1396], 1, -1, -1, -1]
[75, 4, [1336.3805, 209.1501, 96.9578, 183.9031], 1, -1, -1, -1]
[76, 3, [1337.0331, 373.0713, 101.4188, 139.7377], 1, -1, -1, -1]
[77, 3, [1340.876, 368.6526, 103.8907, 142.7887], 1, -1, -1, -1]
[78, 3, [1349.2137, 378.6485, 94.4021, 126.4827], 1, -1, -1, -1]
[79, 3, [1352.5364, 376.1922, 98.7165, 126.2787], 1, -1, -1, -1]
[80, 3, [1357.8445, 379.574, 95.331, 119.3295], 1, -1, -1, -1]
[81, 3, [1355.9761, 383.5407, 106.0333, 114.8804], 1, -1, -1, -1]
[112, 3, [1534.2328, 443.228, 101.767, 91.4614], 1, -1, -1, -1]