1,1,520.1735,61.2819,64.5051,197.2867,1,-1,-1,-1
2,1,518.0363,58.761,68.5282,202.2731,1,-1,-1,-1
3,1,518.7592,59.132,67.7771,201.2843,1,-1,-1,-1
4,1,518.6418,58.6886,67.9459,201.6408,1,-1,-1,-1
5,1,518.0569,58.7431,69.8381,201.482,1,-1,-1,-1
6,1,519.6285,60.0575,67.8545,200.3251,1,-1,-1,-1
7,1,519.0557,59.3317,68.7948,201.7022,1,-1,-1,-1
8,1,516.623,60.8698,74.2561,198.9579,1,-1,-1,-1
9,1,516.7271,61.4507,74.5578,199.7541,1,-1,-1,-1
10,1,519.9446,59.9948,67.0565,200.7503,1,-1,-1,-1
11,1,520.568,60.234,66.3165,200.6273,1,-1,-1,-1
12,1,521.4486,60.8622,65.5158,197.3882,1,-1,-1,-1
13,1,521.6667,61.3271,65.3705,193.2725,1,-1,-1,-1
14,1,519.7206,61.3019,66.1759,195.3546,1,-1,-1,-1
15,1,520.7419,62.2297,58.6976,191.5521,1,-1,-1,-1
16,1,518.4746,60.377,69.629,192.5833,1,-1,-1,-1
17,1,518.7362,61.5744,69.3243,194.4554,1,-1,-1,-1
18,1,519.4323,61.7294,67.7204,193.0137,1,-1,-1,-1
19,1,519.6022,58.8141,66.4079,199.2441,1,-1,-1,-1
20,1,519.8961,59.9843,66.7422,199.6387,1,-1,-1,-1
21,1,520.9672,60.9614,66.0473,197.208,1,-1,-1,-1
22,1,524.1273,62.6727,62.0741,191.4729,1,-1,-1,-1
23,1,518.6599,59.4218,73.1226,197.3329,1,-1,-1,-1
24,1,531.618,62.4495,61.7182,191.0134,1,-1,-1,-1
25,1,527.5798,59.2964,72.1433,196.1711,1,-1,-1,-1
26,1,530.6095,62.8398,76.605,193.905,1,-1,-1,-1
27,1,534.9752,66.579,77.4518,194.9844,1,-1,-1,-1
28,1,538.0809,65.2178,75.9568,190.8311,1,-1,-1,-1
29,1,539.9128,60.833,73.5877,191.3679,1,-1,-1,-1
30,1,539.1607,63.9629,74.5922,189.1687,1,-1,-1,-1
31,1,539.4905,59.4862,73.5395,195.1702,1,-1,-1,-1
32,1,540.0264,57.6957,73.4208,198.4277,1,-1,-1,-1
33,1,540.2665,57.551,71.5154,194.2603,1,-1,-1,-1
34,1,542.7808,62.1905,68.3138,189.8937,1,-1,-1,-1
35,1,542.2192,61.5259,71.224,191.1952,1,-1,-1,-1
36,1,543.3353,60.9863,70.3523,191.0766,1,-1,-1,-1
37,1,544.8531,59.7738,68.6507,194.6766,1,-1,-1,-1
38,1,551.6455,54.6546,68.949,201.2113,1,-1,-1,-1
39,1,554.3737,54.3744,66.0925,202.5032,1,-1,-1,-1
40,1,556.2622,55.5472,64.2364,197.3274,1,-1,-1,-1
41,1,556.5607,61.9065,59.5628,192.5938,1,-1,-1,-1
42,1,817.6605,22.4501,83.7677,231.2621,1,-1,-1,-1
43,1,555.9102,60.7664,65.4697,193.9352,1,-1,-1,-1
44,1,554.9636,62.5528,68.9643,191.6831,1,-1,-1,-1
45,1,556.2651,62.608,66.3465,192.6149,1,-1,-1,-1
46,1,558.0941,61.7742,60.1073,196.811,1,-1,-1,-1
47,1,558.661,53.611,62.1504,203.2831,1,-1,-1,-1
48,1,559.7286,52.9567,60.6979,205.6933,1,-1,-1,-1
49,1,564.3918,58.1928,59.7286,199.9528,1,-1,-1,-1
50,1,563.9135,58.4124,58.5781,204.2207,1,-1,-1,-1
51,1,564.0994,58.3472,57.9147,203.198,1,-1,-1,-1
52,1,562.5591,56.4099,58.2877,199.0469,1,-1,-1,-1
53,1,557.593,56.3931,66.5842,199.8465,1,-1,-1,-1
54,1,559.9613,59.7683,65.5534,198.4072,1,-1,-1,-1
55,1,553.8166,57.3964,72.0215,196.4044,1,-1,-1,-1
56,1,550.9651,62.5202,77.6928,192.9517,1,-1,-1,-1
57,1,552.0804,60.0161,75.4016,196.3651,1,-1,-1,-1
58,1,552.5494,60.1528,76.1334,186.9778,1,-1,-1,-1
59,1,551.1312,65.7183,77.8872,168.6191,1,-1,-1,-1
60,1,558.0173,61.9238,70.517,186.2585,1,-1,-1,-1
61,1,564.277,60.9845,69.0484,217.1652,1,-1,-1,-1
62,1,572.2088,60.7306,64.1248,221.8555,1,-1,-1,-1
63,1,572.9854,63.7655,58.024,215.0024,1,-1,-1,-1
64,1,811.6318,21.7642,87.82,226.8828,1,-1,-1,-1
65,1,561.9122,62.7973,70.7082,217.7091,1,-1,-1,-1
66,1,549.2174,62.1609,83.3864,209.8783,1,-1,-1,-1
67,1,548.8736,61.3764,85.0678,213.4967,1,-1,-1,-1
68,1,555.7091,62.8919,76.0545,204.0857,1,-1,-1,-1
69,1,552.2561,63.5764,77.64,178.2816,1,-1,-1,-1
70,1,553.6293,62.9934,77.2172,185.7398,1,-1,-1,-1
71,1,552.4032,63.298,79.1036,200.2311,1,-1,-1,-1
72,1,553.9482,62.8978,76.3282,194.0134,1,-1,-1,-1
73,1,553.8759,61.5826,75.1843,191.1542,1,-1,-1,-1
74,1,554.5568,62.2766,74.3017,189.5757,1,-1,-1,-1
75,1,555.6062,61.7177,72.4683,187.5841,1,-1,-1,-1
76,1,557.569,61.947,72.6197,194.409,1,-1,-1,-1
77,1,559.4485,61.0594,74.37,199.169,1,-1,-1,-1
78,1,559.9748,60.3185,73.131,200.9519,1,-1,-1,-1
79,1,560.9149,61.7362,71.3103,201.5246,1,-1,-1,-1
80,1,561.9156,62.0131,69.237,200.5755,1,-1,-1,-1
81,1,564.7338,60.78,67.3327,199.2687,1,-1,-1,-1
82,1,566.811,60.7213,65.1521,201.0922,1,-1,-1,-1
83,1,568.3554,58.5236,62.7156,207.4834,1,-1,-1,-1
84,1,567.9196,56.1097,61.9339,209.9292,1,-1,-1,-1
85,1,568.7556,54.8238,58.8917,211.2639,1,-1,-1,-1
86,1,569.1026,55.2101,59.5626,211.0217,1,-1,-1,-1
87,1,569.1123,55.696,59.9184,210.5144,1,-1,-1,-1
88,1,570.0569,56.6465,58.6604,209.1671,1,-1,-1,-1
89,1,569.8423,56.1032,58.0865,208.5942,1,-1,-1,-1
90,1,569.2908,56.399,59.1512,208.8282,1,-1,-1,-1
91,1,569.3749,57.1451,59.5472,208.4743,1,-1,-1,-1
92,1,570.0129,59.4662,55.5898,205.4797,1,-1,-1,-1
93,1,569.4299,56.5388,59.8254,210.4543,1,-1,-1,-1
94,1,570.4604,55.542,57.8557,211.0128,1,-1,-1,-1
95,1,570.0192,56.9958,58.8611,210.7056,1,-1,-1,-1
96,1,568.9616,55.9914,60.2637,213.2262,1,-1,-1,-1
97,1,570.9348,56.6817,58.8474,210.5981,1,-1,-1,-1
98,1,570.4965,56.1642,59.8358,211.573,1,-1,-1,-1
99,1,570.7824,56.3052,59.242,210.333,1,-1,-1,-1
100,1,570.9539,55.9843,60.0179,210.1566,1,-1,-1,-1
101,1,571.6676,56.8408,59.0463,209.2981,1,-1,-1,-1
102,1,571.4445,56.8653,59.195,207.5611,1,-1,-1,-1
103,1,570.6779,57.7738,60.1956,208.4396,1,-1,-1,-1
104,1,571.4888,57.676,59.4275,208.0561,1,-1,-1,-1
105,1,572.0316,55.0787,58.4595,208.912,1,-1,-1,-1
106,1,572.5665,54.3957,56.6956,206.9022,1,-1,-1,-1
107,1,572.4034,54.5716,56.5138,208.2252,1,-1,-1,-1
108,1,572.4718,55.9927,56.4298,206.5464,1,-1,-1,-1
109,1,570.7522,54.7148,57.5211,207.7856,1,-1,-1,-1
110,1,570.455,55.3011,57.6599,209.084,1,-1,-1,-1
111,1,570.2611,55.4417,57.5845,207.374,1,-1,-1,-1
112,1,570.7021,55.4271,57.8391,207.3671,1,-1,-1,-1
113,1,570.0601,55.6112,58.7068,207.011,1,-1,-1,-1
114,1,570.2138,56.448,59.1108,207.0132,1,-1,-1,-1
115,1,569.3002,56.9421,60.2185,206.9627,1,-1,-1,-1
116,1,570.1049,56.542,59.2726,207.3407,1,-1,-1,-1
117,1,568.6548,57.0191,61.6528,207.6032,1,-1,-1,-1
118,1,569.4733,56.2574,59.3927,207.638,1,-1,-1,-1
119,1,568.7944,57.1617,60.8599,206.9572,1,-1,-1,-1
120,1,569.4596,57.586,60.0689,207.1443,1,-1,-1,-1
121,1,569.4914,56.9323,59.4516,205.2261,1,-1,-1,-1
122,1,570.1564,57.2781,59.2931,205.2225,1,-1,-1,-1
123,1,569.5031,57.0667,59.8595,205.5166,1,-1,-1,-1
124,1,569.8163,57.6121,59.8206,204.8713,1,-1,-1,-1
125,1,570.2366,57.3427,59.0638,203.9265,1,-1,-1,-1
126,1,568.9242,56.0986,60.5669,206.7448,1,-1,-1,-1
127,1,569.0128,56.6009,61.1299,205.9623,1,-1,-1,-1
128,1,568.8731,56.0876,61.2308,207.0199,1,-1,-1,-1
129,1,568.5672,56.1191,61.2541,206.5866,1,-1,-1,-1
130,1,569.2042,56.0014,59.8644,206.6868,1,-1,-1,-1
131,1,569.4044,56.2809,60.3742,206.7332,1,-1,-1,-1
132,1,569.5683,54.9044,61.2012,209.5114,1,-1,-1,-1
133,1,569.0934,55.5042,61.9723,207.9841,1,-1,-1,-1
134,1,568.9695,55.259,61.9834,208.316,1,-1,-1,-1
135,1,568.3813,56.6242,63.1133,208.3142,1,-1,-1,-1
136,1,569.3472,55.4134,61.0115,210.2848,1,-1,-1,-1
137,1,568.5354,56.7927,62.8233,210.5505,1,-1,-1,-1
138,1,568.0424,57.7393,63.4355,207.9181,1,-1,-1,-1
139,1,567.2365,55.7619,64.8308,207.8777,1,-1,-1,-1
140,1,568.1661,55.416,64.1767,208.5163,1,-1,-1,-1
141,1,568.2681,55.2241,62.9965,208.6179,1,-1,-1,-1
142,1,568.37,55.6985,63.372,209.2481,1,-1,-1,-1
143,1,569.677,55.0374,61.6201,210.524,1,-1,-1,-1
144,1,569.6576,55.6082,61.1456,210.4509,1,-1,-1,-1
145,1,568.9905,55.9452,63.0844,207.9582,1,-1,-1,-1
146,1,568.6547,57.0732,63.3702,207.8648,1,-1,-1,-1
147,1,568.6722,55.7736,63.3744,209.1352,1,-1,-1,-1
148,1,568.3234,58.2441,64.078,207.5778,1,-1,-1,-1
149,1,569.0427,56.2037,62.9043,209.4641,1,-1,-1,-1
150,1,569.7164,56.6094,62.297,208.7328,1,-1,-1,-1
151,1,570.8148,60.2281,61.013,206.6268,1,-1,-1,-1
152,1,571.6349,58.9101,59.4761,207.4187,1,-1,-1,-1
153,1,572.0389,58.7881,58.6507,206.3426,1,-1,-1,-1
154,1,572.9843,56.8143,57.1411,208.399,1,-1,-1,-1
155,1,575.8805,61.2031,54.5825,198.762,1,-1,-1,-1
156,1,575.4277,61.0084,53.287,200.4994,1,-1,-1,-1
157,1,575.5426,61.2624,52.2641,198.1638,1,-1,-1,-1
158,1,571.6795,56.8372,58.0685,207.5291,1,-1,-1,-1
159,1,571.3474,56.4199,57.8121,205.0969,1,-1,-1,-1
160,1,573.3549,62.1638,54.0766,202.1298,1,-1,-1,-1
161,1,570.3481,58.0185,59.092,207.3027,1,-1,-1,-1
162,1,569.6948,57.1042,60.2255,208.5349,1,-1,-1,-1
163,1,570.0371,57.9649,59.3473,207.8489,1,-1,-1,-1
164,1,569.3076,60.0861,60.1129,205.9668,1,-1,-1,-1
165,1,569.3971,59.479,58.9389,206.6675,1,-1,-1,-1
166,1,568.7247,58.8566,61.167,207.3608,1,-1,-1,-1
167,1,567.3609,61.5866,60.8694,203.7491,1,-1,-1,-1
168,1,567.5239,58.3633,61.8435,207.3599,1,-1,-1,-1
169,1,567.0822,56.4581,59.7694,208.4511,1,-1,-1,-1
170,1,566.4016,56.5267,60.8357,208.6836,1,-1,-1,-1
171,1,565.2007,57.8153,61.7317,208.0406,1,-1,-1,-1
172,1,564.1391,56.1191,62.4182,207.2018,1,-1,-1,-1
173,1,563.6843,59.5222,61.2962,204.1323,1,-1,-1,-1
174,1,565.3469,56.6472,61.0927,206.1479,1,-1,-1,-1
175,1,565.9269,56.9149,60.3137,205.8699,1,-1,-1,-1
176,1,566.7864,60.4738,59.2521,205.5284,1,-1,-1,-1
177,1,565.2216,58.7079,60.7979,206.4153,1,-1,-1,-1
178,1,564.4852,60.4708,62.2171,202.5696,1,-1,-1,-1
179,1,562.2817,58.2976,63.7286,206.2696,1,-1,-1,-1
180,1,564.092,58.4003,63.4284,204.5682,1,-1,-1,-1
181,1,557.5287,57.2006,63.512,203.2561,1,-1,-1,-1
182,1,557.3518,58.0211,63.5649,202.8822,1,-1,-1,-1
183,1,557.7486,55.9535,63.9518,205.5203,1,-1,-1,-1
184,1,558.1716,54.6213,63.7964,207.7052,1,-1,-1,-1
185,1,559.5747,57.6564,67.1069,204.0142,1,-1,-1,-1
186,1,556.2606,55.5405,66.7603,207.3481,1,-1,-1,-1
187,1,557.4216,58.4295,69.7495,204.4831,1,-1,-1,-1
188,1,554.9352,57.6284,68.5599,205.4377,1,-1,-1,-1
189,1,556.5706,56.6077,66.8208,208.0711,1,-1,-1,-1
190,1,555.1401,57.3735,68.3152,207.1818,1,-1,-1,-1
191,1,558.0826,59.7397,69.743,203.2387,1,-1,-1,-1
192,1,559.4059,60.0404,65.4504,205.384,1,-1,-1,-1
193,1,560.079,60.4498,63.0916,207.1112,1,-1,-1,-1
194,1,560.002,60.0135,63.2252,207.1958,1,-1,-1,-1
195,1,560.3472,57.9086,67.4277,204.9268,1,-1,-1,-1
196,1,558.7799,61.2431,64.2366,205.0939,1,-1,-1,-1
197,1,559.9129,60.6641,62.8674,205.8985,1,-1,-1,-1
198,1,557.3353,55.0131,65.5793,208.9271,1,-1,-1,-1
199,1,557.0936,55.521,66.568,209.0224,1,-1,-1,-1
200,1,562.4301,59.8056,64.7659,202.1493,1,-1,-1,-1
201,1,556.9708,56.3774,66.9284,208.8526,1,-1,-1,-1
202,1,556.8678,56.3108,66.8181,209.5271,1,-1,-1,-1
203,1,557.3336,56.117,66.6366,209.1057,1,-1,-1,-1
204,1,561.8558,60.0914,67.2185,202.156,1,-1,-1,-1
205,1,555.8956,56.2715,67.7763,208.3547,1,-1,-1,-1
206,1,555.1798,57.7763,69.0969,207.265,1,-1,-1,-1
207,1,554.31,58.2708,69.9028,208.065,1,-1,-1,-1
208,1,554.3225,59.3342,68.7298,204.9181,1,-1,-1,-1
209,1,553.2404,58.8357,70.1164,204.7924,1,-1,-1,-1
210,1,553.1629,58.5443,70.1137,207.4047,1,-1,-1,-1
211,1,552.2601,57.4491,70.9452,208.6934,1,-1,-1,-1
212,1,552.5453,58.6442,71.5152,207.7875,1,-1,-1,-1
213,1,552.7474,58.4719,70.9331,206.9936,1,-1,-1,-1
214,1,551.984,57.1745,73.684,207.8401,1,-1,-1,-1
215,1,552.2279,56.1941,72.7933,207.6772,1,-1,-1,-1
216,1,550.4065,57.6746,77.1651,203.8303,1,-1,-1,-1
217,1,552.7682,57.7715,69.9326,202.8201,1,-1,-1,-1
218,1,549.8452,58.3705,74.3995,204.4213,1,-1,-1,-1
219,1,552.3242,58.7319,70.1243,204.7381,1,-1,-1,-1
220,1,553.766,57.3807,66.204,205.5322,1,-1,-1,-1
221,1,552.1603,58.2402,67.4982,204.6779,1,-1,-1,-1
222,1,551.934,58.5355,66.0664,203.4744,1,-1,-1,-1
223,1,552.4832,58.8582,64.3989,199.4249,1,-1,-1,-1
224,1,554.6501,57.1257,62.7021,199.95,1,-1,-1,-1
225,1,556.3762,57.2395,60.4468,199.6512,1,-1,-1,-1
226,1,554.779,56.18,61.7687,201.3632,1,-1,-1,-1
227,1,556.5945,56.2538,59.2472,199.7604,1,-1,-1,-1
228,1,557.4297,56.7303,58.9097,200.8679,1,-1,-1,-1
229,1,555.9797,56.2155,59.5021,202.8382,1,-1,-1,-1
230,1,552.5705,58.4855,57.0793,197.717,1,-1,-1,-1
231,1,554.5184,61.2844,59.4695,194.4955,1,-1,-1,-1
232,1,552.8149,63.0402,59.9123,193.133,1,-1,-1,-1
233,1,551.166,59.5423,60.2596,200.4494,1,-1,-1,-1
234,1,551.8362,60.474,60.3663,199.088,1,-1,-1,-1
235,1,548.4474,60.9508,61.3959,195.136,1,-1,-1,-1
236,1,544.7937,59.9273,65.0225,194.1,1,-1,-1,-1
237,1,548.5897,58.4286,60.8295,195.6111,1,-1,-1,-1
238,1,545.2628,58.1645,65.1888,195.3949,1,-1,-1,-1
239,1,546.1107,59.0049,63.052,194.1084,1,-1,-1,-1
240,1,547.4426,59.9296,60.5714,192.9872,1,-1,-1,-1
241,1,531.6135,61.4822,73.8265,192.4204,1,-1,-1,-1
242,1,531.2894,63.064,72.2745,194.3074,1,-1,-1,-1
243,1,530.5515,63.3415,68.9331,195.1086,1,-1,-1,-1
244,1,529.5591,61.2107,71.131,193.0133,1,-1,-1,-1
245,1,527.8367,64.0085,70.6025,187.5034,1,-1,-1,-1
246,1,530.5463,60.0649,64.1302,189.3879,1,-1,-1,-1
247,1,527.306,62.9912,60.9503,193.9252,1,-1,-1,-1
248,1,536.0189,62.6723,53.9509,195.5647,1,-1,-1,-1
249,1,525.9556,61.987,61.2043,199.1993,1,-1,-1,-1
250,1,523.7186,59.7852,66.1277,200.1367,1,-1,-1,-1
251,1,520.782,61.4491,67.1167,200.5937,1,-1,-1,-1
252,1,519.0632,58.9583,64.7626,202.8006,1,-1,-1,-1
253,1,518.1991,54.4081,67.4916,209.5004,1,-1,-1,-1
254,1,517.4258,58.7822,68.065,204.6809,1,-1,-1,-1
255,1,516.0118,59.1496,68.2027,201.6419,1,-1,-1,-1
256,1,490.4085,60.5183,94.6735,201.2908,1,-1,-1,-1
257,1,487.4233,60.7669,98.402,200.2521,1,-1,-1,-1
258,1,484.8391,62.3295,102.4017,197.1785,1,-1,-1,-1
259,1,485.4998,60.4304,102.245,199.2233,1,-1,-1,-1
1,1,520.1735,61.2819,64.5051,197.2867,1,-1,-1,-1
2,1,518.0363,58.761,68.5282,202.2731,1,-1,-1,-1
3,1,518.7592,59.132,67.7771,201.2843,1,-1,-1,-1
4,1,518.6418,58.6886,67.9459,201.6408,1,-1,-1,-1
5,1,518.0569,58.7431,69.8381,201.482,1,-1,-1,-1
6,1,519.6285,60.0575,67.8545,200.3251,1,-1,-1,-1
7,1,519.0557,59.3317,68.7948,201.7022,1,-1,-1,-1
8,1,516.623,60.8698,74.2561,198.9579,1,-1,-1,-1
9,1,516.7271,61.4507,74.5578,199.7541,1,-1,-1,-1
10,1,519.9446,59.9948,67.0565,200.7503,1,-1,-1,-1
11,1,520.568,60.234,66.3165,200.6273,1,-1,-1,-1
12,1,521.4486,60.8622,65.5158,197.3882,1,-1,-1,-1
13,1,521.6667,61.3271,65.3705,193.2725,1,-1,-1,-1
14,1,519.7206,61.3019,66.1759,195.3546,1,-1,-1,-1
15,1,520.7419,62.2297,58.6976,191.5521,1,-1,-1,-1
16,1,518.4746,60.377,69.629,192.5833,1,-1,-1,-1
17,1,518.7362,61.5744,69.3243,194.4554,1,-1,-1,-1
18,1,519.4323,61.7294,67.7204,193.0137,1,-1,-1,-1
19,1,519.6022,58.8141,66.4079,199.2441,1,-1,-1,-1
20,1,519.8961,59.9843,66.7422,199.6387,1,-1,-1,-1
21,1,520.9672,60.9614,66.0473,197.208,1,-1,-1,-1
22,1,524.1273,62.6727,62.0741,191.4729,1,-1,-1,-1
23,1,518.6599,59.4218,73.1226,197.3329,1,-1,-1,-1
24,1,531.618,62.4495,61.7182,191.0134,1,-1,-1,-1
25,1,527.5798,59.2964,72.1433,196.1711,1,-1,-1,-1
26,1,530.6095,62.8398,76.605,193.905,1,-1,-1,-1
27,1,534.9752,66.579,77.4518,194.9844,1,-1,-1,-1
28,1,538.0809,65.2178,75.9568,190.8311,1,-1,-1,-1
29,1,539.9128,60.833,73.5877,191.3679,1,-1,-1,-1
30,1,539.1607,63.9629,74.5922,189.1687,1,-1,-1,-1
31,1,539.4905,59.4862,73.5395,195.1702,1,-1,-1,-1
32,1,540.0264,57.6957,73.4208,198.4277,1,-1,-1,-1
33,1,540.2665,57.551,71.5154,194.2603,1,-1,-1,-1
34,1,542.7808,62.1905,68.3138,189.8937,1,-1,-1,-1
35,1,542.2192,61.5259,71.224,191.1952,1,-1,-1,-1
36,1,543.3353,60.9863,70.3523,191.0766,1,-1,-1,-1
37,1,544.8531,59.7738,68.6507,194.6766,1,-1,-1,-1
38,1,551.6455,54.6546,68.949,201.2113,1,-1,-1,-1
39,1,554.3737,54.3744,66.0925,202.5032,1,-1,-1,-1
40,1,556.2622,55.5472,64.2364,197.3274,1,-1,-1,-1
41,1,556.5607,61.9065,59.5628,192.5938,1,-1,-1,-1
42,1,817.6605,22.4501,83.7677,231.2621,1,-1,-1,-1
43,1,555.9102,60.7664,65.4697,193.9352,1,-1,-1,-1
44,1,554.9636,62.5528,68.9643,191.6831,1,-1,-1,-1
45,1,556.2651,62.608,66.3465,192.6149,1,-1,-1,-1
46,1,558.0941,61.7742,60.1073,196.811,1,-1,-1,-1
47,1,558.661,53.611,62.1504,203.2831,1,-1,-1,-1
48,1,559.7286,52.9567,60.6979,205.6933,1,-1,-1,-1
49,1,564.3918,58.1928,59.7286,199.9528,1,-1,-1,-1
50,1,563.9135,58.4124,58.5781,204.2207,1,-1,-1,-1
51,1,564.0994,58.3472,57.9147,203.198,1,-1,-1,-1
52,1,562.5591,56.4099,58.2877,199.0469,1,-1,-1,-1
53,1,557.593,56.3931,66.5842,199.8465,1,-1,-1,-1
54,1,559.9613,59.7683,65.5534,198.4072,1,-1,-1,-1
55,1,553.8166,57.3964,72.0215,196.4044,1,-1,-1,-1
56,1,550.9651,62.5202,77.6928,192.9517,1,-1,-1,-1
57,1,552.0804,60.0161,75.4016,196.3651,1,-1,-1,-1
58,1,552.5494,60.1528,76.1334,186.9778,1,-1,-1,-1
59,1,551.1312,65.7183,77.8872,168.6191,1,-1,-1,-1
60,1,558.0173,61.9238,70.517,186.2585,1,-1,-1,-1
61,1,564.277,60.9845,69.0484,217.1652,1,-1,-1,-1
62,1,572.2088,60.7306,64.1248,221.8555,1,-1,-1,-1
63,1,572.9854,63.7655,58.024,215.0024,1,-1,-1,-1
64,1,811.6318,21.7642,87.82,226.8828,1,-1,-1,-1
65,1,561.9122,62.7973,70.7082,217.7091,1,-1,-1,-1
66,1,549.2174,62.1609,83.3864,209.8783,1,-1,-1,-1
67,1,548.8736,61.3764,85.0678,213.4967,1,-1,-1,-1
68,1,555.7091,62.8919,76.0545,204.0857,1,-1,-1,-1
69,1,552.2561,63.5764,77.64,178.2816,1,-1,-1,-1
70,1,553.6293,62.9934,77.2172,185.7398,1,-1,-1,-1
71,1,552.4032,63.298,79.1036,200.2311,1,-1,-1,-1
72,1,553.9482,62.8978,76.3282,194.0134,1,-1,-1,-1
73,1,553.8759,61.5826,75.1843,191.1542,1,-1,-1,-1
74,1,554.5568,62.2766,74.3017,189.5757,1,-1,-1,-1
75,1,555.6062,61.7177,72.4683,187.5841,1,-1,-1,-1
76,1,557.569,61.947,72.6197,194.409,1,-1,-1,-1
77,1,559.4485,61.0594,74.37,199.169,1,-1,-1,-1
78,1,559.9748,60.3185,73.131,200.9519,1,-1,-1,-1
79,1,560.9149,61.7362,71.3103,201.5246,1,-1,-1,-1
80,1,561.9156,62.0131,69.237,200.5755,1,-1,-1,-1
81,1,564.7338,60.78,67.3327,199.2687,1,-1,-1,-1
82,1,566.811,60.7213,65.1521,201.0922,1,-1,-1,-1
83,1,568.3554,58.5236,62.7156,207.4834,1,-1,-1,-1
84,1,567.9196,56.1097,61.9339,209.9292,1,-1,-1,-1
85,1,568.7556,54.8238,58.8917,211.2639,1,-1,-1,-1
86,1,569.1026,55.2101,59.5626,211.0217,1,-1,-1,-1
87,1,569.1123,55.696,59.9184,210.5144,1,-1,-1,-1
88,1,570.0569,56.6465,58.6604,209.1671,1,-1,-1,-1
89,1,569.8423,56.1032,58.0865,208.5942,1,-1,-1,-1
90,1,569.2908,56.399,59.1512,208.8282,1,-1,-1,-1
91,1,569.3749,57.1451,59.5472,208.4743,1,-1,-1,-1
92,1,570.0129,59.4662,55.5898,205.4797,1,-1,-1,-1
93,1,569.4299,56.5388,59.8254,210.4543,1,-1,-1,-1
94,1,570.4604,55.542,57.8557,211.0128,1,-1,-1,-1
95,1,570.0192,56.9958,58.8611,210.7056,1,-1,-1,-1
96,1,568.9616,55.9914,60.2637,213.2262,1,-1,-1,-1
97,1,570.9348,56.6817,58.8474,210.5981,1,-1,-1,-1
98,1,570.4965,56.1642,59.8358,211.573,1,-1,-1,-1
99,1,570.7824,56.3052,59.242,210.333,1,-1,-1,-1
100,1,570.9539,55.9843,60.0179,210.1566,1,-1,-1,-1
101,1,571.6676,56.8408,59.0463,209.2981,1,-1,-1,-1
102,1,571.4445,56.8653,59.195,207.5611,1,-1,-1,-1
103,1,570.6779,57.7738,60.1956,208.4396,1,-1,-1,-1
104,1,571.4888,57.676,59.4275,208.0561,1,-1,-1,-1
105,1,572.0316,55.0787,58.4595,208.912,1,-1,-1,-1
106,1,572.5665,54.3957,56.6956,206.9022,1,-1,-1,-1
107,1,572.4034,54.5716,56.5138,208.2252,1,-1,-1,-1
108,1,572.4718,55.9927,56.4298,206.5464,1,-1,-1,-1
109,1,570.7522,54.7148,57.5211,207.7856,1,-1,-1,-1
110,1,570.455,55.3011,57.6599,209.084,1,-1,-1,-1
111,1,570.2611,55.4417,57.5845,207.374,1,-1,-1,-1
112,1,570.7021,55.4271,57.8391,207.3671,1,-1,-1,-1
113,1,570.0601,55.6112,58.7068,207.011,1,-1,-1,-1
114,1,570.2138,56.448,59.1108,207.0132,1,-1,-1,-1
115,1,569.3002,56.9421,60.2185,206.9627,1,-1,-1,-1
116,1,570.1049,56.542,59.2726,207.3407,1,-1,-1,-1
117,1,568.6548,57.0191,61.6528,207.6032,1,-1,-1,-1
118,1,569.4733,56.2574,59.3927,207.638,1,-1,-1,-1
119,1,568.7944,57.1617,60.8599,206.9572,1,-1,-1,-1
120,1,569.4596,57.586,60.0689,207.1443,1,-1,-1,-1
121,1,569.4914,56.9323,59.4516,205.2261,1,-1,-1,-1
122,1,570.1564,57.2781,59.2931,205.2225,1,-1,-1,-1
123,1,569.5031,57.0667,59.8595,205.5166,1,-1,-1,-1
124,1,569.8163,57.6121,59.8206,204.8713,1,-1,-1,-1
125,1,570.2366,57.3427,59.0638,203.9265,1,-1,-1,-1
126,1,568.9242,56.0986,60.5669,206.7448,1,-1,-1,-1
127,1,569.0128,56.6009,61.1299,205.9623,1,-1,-1,-1
128,1,568.8731,56.0876,61.2308,207.0199,1,-1,-1,-1
129,1,568.5672,56.1191,61.2541,206.5866,1,-1,-1,-1
130,1,569.2042,56.0014,59.8644,206.6868,1,-1,-1,-1
131,1,569.4044,56.2809,60.3742,206.7332,1,-1,-1,-1
132,1,569.5683,54.9044,61.2012,209.5114,1,-1,-1,-1
133,1,569.0934,55.5042,61.9723,207.9841,1,-1,-1,-1
134,1,568.9695,55.259,61.9834,208.316,1,-1,-1,-1
135,1,568.3813,56.6242,63.1133,208.3142,1,-1,-1,-1
136,1,569.3472,55.4134,61.0115,210.2848,1,-1,-1,-1
137,1,568.5354,56.7927,62.8233,210.5505,1,-1,-1,-1
138,1,568.0424,57.7393,63.4355,207.9181,1,-1,-1,-1
139,1,567.2365,55.7619,64.8308,207.8777,1,-1,-1,-1
140,1,568.1661,55.416,64.1767,208.5163,1,-1,-1,-1
141,1,568.2681,55.2241,62.9965,208.6179,1,-1,-1,-1
142,1,568.37,55.6985,63.372,209.2481,1,-1,-1,-1
143,1,569.677,55.0374,61.6201,210.524,1,-1,-1,-1
144,1,569.6576,55.6082,61.1456,210.4509,1,-1,-1,-1
145,1,568.9905,55.9452,63.0844,207.9582,1,-1,-1,-1
146,1,568.6547,57.0732,63.3702,207.8648,1,-1,-1,-1
147,1,568.6722,55.7736,63.3744,209.1352,1,-1,-1,-1
148,1,568.3234,58.2441,64.078,207.5778,1,-1,-1,-1
149,1,569.0427,56.2037,62.9043,209.4641,1,-1,-1,-1
150,1,569.7164,56.6094,62.297,208.7328,1,-1,-1,-1
151,1,570.8148,60.2281,61.013,206.6268,1,-1,-1,-1
152,1,571.6349,58.9101,59.4761,207.4187,1,-1,-1,-1
153,1,572.0389,58.7881,58.6507,206.3426,1,-1,-1,-1
154,1,572.9843,56.8143,57.1411,208.399,1,-1,-1,-1
155,1,575.8805,61.2031,54.5825,198.762,1,-1,-1,-1
156,1,575.4277,61.0084,53.287,200.4994,1,-1,-1,-1
157,1,575.5426,61.2624,52.2641,198.1638,1,-1,-1,-1
158,1,571.6795,56.8372,58.0685,207.5291,1,-1,-1,-1
159,1,571.3474,56.4199,57.8121,205.0969,1,-1,-1,-1
160,1,573.3549,62.1638,54.0766,202.1298,1,-1,-1,-1
161,1,570.3481,58.0185,59.092,207.3027,1,-1,-1,-1
162,1,569.6948,57.1042,60.2255,208.5349,1,-1,-1,-1
163,1,570.0371,57.9649,59.3473,207.8489,1,-1,-1,-1
164,1,569.3076,60.0861,60.1129,205.9668,1,-1,-1,-1
165,1,569.3971,59.479,58.9389,206.6675,1,-1,-1,-1
166,1,568.7247,58.8566,61.167,207.3608,1,-1,-1,-1
167,1,567.3609,61.5866,60.8694,203.7491,1,-1,-1,-1
168,1,567.5239,58.3633,61.8435,207.3599,1,-1,-1,-1
169,1,567.0822,56.4581,59.7694,208.4511,1,-1,-1,-1
170,1,566.4016,56.5267,60.8357,208.6836,1,-1,-1,-1
171,1,565.2007,57.8153,61.7317,208.0406,1,-1,-1,-1
172,1,564.1391,56.1191,62.4182,207.2018,1,-1,-1,-1
173,1,563.6843,59.5222,61.2962,204.1323,1,-1,-1,-1
174,1,565.3469,56.6472,61.0927,206.1479,1,-1,-1,-1
175,1,565.9269,56.9149,60.3137,205.8699,1,-1,-1,-1
176,1,566.7864,60.4738,59.2521,205.5284,1,-1,-1,-1
177,1,565.2216,58.7079,60.7979,206.4153,1,-1,-1,-1
178,1,564.4852,60.4708,62.2171,202.5696,1,-1,-1,-1
179,1,562.2817,58.2976,63.7286,206.2696,1,-1,-1,-1
180,1,564.092,58.4003,63.4284,204.5682,1,-1,-1,-1
181,1,557.5287,57.2006,63.512,203.2561,1,-1,-1,-1
182,1,557.3518,58.0211,63.5649,202.8822,1,-1,-1,-1
183,1,557.7486,55.9535,63.9518,205.5203,1,-1,-1,-1
184,1,558.1716,54.6213,63.7964,207.7052,1,-1,-1,-1
185,1,559.5747,57.6564,67.1069,204.0142,1,-1,-1,-1
186,1,556.2606,55.5405,66.7603,207.3481,1,-1,-1,-1
187,1,557.4216,58.4295,69.7495,204.4831,1,-1,-1,-1
188,1,554.9352,57.6284,68.5599,205.4377,1,-1,-1,-1
189,1,556.5706,56.6077,66.8208,208.0711,1,-1,-1,-1
190,1,555.1401,57.3735,68.3152,207.1818,1,-1,-1,-1
191,1,558.0826,59.7397,69.743,203.2387,1,-1,-1,-1
192,1,559.4059,60.0404,65.4504,205.384,1,-1,-1,-1
193,1,560.079,60.4498,63.0916,207.1112,1,-1,-1,-1
194,1,560.002,60.0135,63.2252,207.1958,1,-1,-1,-1
195,1,560.3472,57.9086,67.4277,204.9268,1,-1,-1,-1
196,1,558.7799,61.2431,64.2366,205.0939,1,-1,-1,-1
197,1,559.9129,60.6641,62.8674,205.8985,1,-1,-1,-1
198,1,557.3353,55.0131,65.5793,208.9271,1,-1,-1,-1
199,1,557.0936,55.521,66.568,209.0224,1,-1,-1,-1
200,1,562.4301,59.8056,64.7659,202.1493,1,-1,-1,-1
201,1,556.9708,56.3774,66.9284,208.8526,1,-1,-1,-1
202,1,556.8678,56.3108,66.8181,209.5271,1,-1,-1,-1
203,1,557.3336,56.117,66.6366,209.1057,1,-1,-1,-1
204,1,561.8558,60.0914,67.2185,202.156,1,-1,-1,-1
205,1,555.8956,56.2715,67.7763,208.3547,1,-1,-1,-1
206,1,555.1798,57.7763,69.0969,207.265,1,-1,-1,-1
207,1,554.31,58.2708,69.9028,208.065,1,-1,-1,-1
208,1,554.3225,59.3342,68.7298,204.9181,1,-1,-1,-1
209,1,553.2404,58.8357,70.1164,204.7924,1,-1,-1,-1
210,1,553.1629,58.5443,70.1137,207.4047,1,-1,-1,-1
211,1,552.2601,57.4491,70.9452,208.6934,1,-1,-1,-1
212,1,552.5453,58.6442,71.5152,207.7875,1,-1,-1,-1
213,1,552.7474,58.4719,70.9331,206.9936,1,-1,-1,-1
214,1,551.984,57.1745,73.684,207.8401,1,-1,-1,-1
215,1,552.2279,56.1941,72.7933,207.6772,1,-1,-1,-1
216,1,550.4065,57.6746,77.1651,203.8303,1,-1,-1,-1
217,1,552.7682,57.7715,69.9326,202.8201,1,-1,-1,-1
218,1,549.8452,58.3705,74.3995,204.4213,1,-1,-1,-1
219,1,552.3242,58.7319,70.1243,204.7381,1,-1,-1,-1
220,1,553.766,57.3807,66.204,205.5322,1,-1,-1,-1
221,1,552.1603,58.2402,67.4982,204.6779,1,-1,-1,-1
222,1,551.934,58.5355,66.0664,203.4744,1,-1,-1,-1
223,1,552.4832,58.8582,64.3989,199.4249,1,-1,-1,-1
224,1,554.6501,57.1257,62.7021,199.95,1,-1,-1,-1
225,1,556.3762,57.2395,60.4468,199.6512,1,-1,-1,-1
226,1,554.779,56.18,61.7687,201.3632,1,-1,-1,-1
227,1,556.5945,56.2538,59.2472,199.7604,1,-1,-1,-1
228,1,557.4297,56.7303,58.9097,200.8679,1,-1,-1,-1
229,1,555.9797,56.2155,59.5021,202.8382,1,-1,-1,-1
230,1,552.5705,58.4855,57.0793,197.717,1,-1,-1,-1
231,1,554.5184,61.2844,59.4695,194.4955,1,-1,-1,-1
232,1,552.8149,63.0402,59.9123,193.133,1,-1,-1,-1
233,1,551.166,59.5423,60.2596,200.4494,1,-1,-1,-1
234,1,551.8362,60.474,60.3663,199.088,1,-1,-1,-1
235,1,548.4474,60.9508,61.3959,195.136,1,-1,-1,-1
236,1,544.7937,59.9273,65.0225,194.1,1,-1,-1,-1
237,1,548.5897,58.4286,60.8295,195.6111,1,-1,-1,-1
238,1,545.2628,58.1645,65.1888,195.3949,1,-1,-1,-1
239,1,546.1107,59.0049,63.052,194.1084,1,-1,-1,-1
240,1,547.4426,59.9296,60.5714,192.9872,1,-1,-1,-1
241,1,531.6135,61.4822,73.8265,192.4204,1,-1,-1,-1
242,1,531.2894,63.064,72.2745,194.3074,1,-1,-1,-1
243,1,530.5515,63.3415,68.9331,195.1086,1,-1,-1,-1
244,1,529.5591,61.2107,71.131,193.0133,1,-1,-1,-1
245,1,527.8367,64.0085,70.6025,187.5034,1,-1,-1,-1
246,1,530.5463,60.0649,64.1302,189.3879,1,-1,-1,-1
247,1,527.306,62.9912,60.9503,193.9252,1,-1,-1,-1
248,1,536.0189,62.6723,53.9509,195.5647,1,-1,-1,-1
249,1,525.9556,61.987,61.2043,199.1993,1,-1,-1,-1
250,1,523.7186,59.7852,66.1277,200.1367,1,-1,-1,-1
251,1,520.782,61.4491,67.1167,200.5937,1,-1,-1,-1
252,1,519.0632,58.9583,64.7626,202.8006,1,-1,-1,-1
253,1,518.1991,54.4081,67.4916,209.5004,1,-1,-1,-1
254,1,517.4258,58.7822,68.065,204.6809,1,-1,-1,-1
255,1,516.0118,59.1496,68.2027,201.6419,1,-1,-1,-1
256,1,490.4085,60.5183,94.6735,201.2908,1,-1,-1,-1
257,1,487.4233,60.7669,98.402,200.2521,1,-1,-1,-1
258,1,484.8391,62.3295,102.4017,197.1785,1,-1,-1,-1
259,1,485.4998,60.4304,102.245,199.2233,1,-1,-1,-1
1,2,783.2122,27.1106,73.3731,189.8508,1,-1,-1,-1
2,2,783.7896,25.4341,84.5064,195.2915,1,-1,-1,-1
3,2,781.7737,25.5606,85.9798,194.6856,1,-1,-1,-1
4,2,783.0188,25.5716,83.4196,193.7603,1,-1,-1,-1
5,2,783.6618,25.0878,88.6209,193.8202,1,-1,-1,-1
6,2,783.7117,25.3027,88.7082,194.298,1,-1,-1,-1
7,2,785.1,25.5833,91.5094,196.056,1,-1,-1,-1
8,2,787.1693,26.339,88.3619,195.2494,1,-1,-1,-1
9,2,787.5773,27.0485,83.9044,193.4387,1,-1,-1,-1
10,2,789.5439,27.9812,81.5332,192.7709,1,-1,-1,-1
11,2,790.2604,26.6993,97.5638,199.5683,1,-1,-1,-1
12,2,791.1384,26.5983,95.6885,194.0398,1,-1,-1,-1
13,2,793.7685,25.9485,96.2928,194.718,1,-1,-1,-1
14,2,793.8569,26.1651,98.408,196.3855,1,-1,-1,-1
15,2,795.8799,27.2192,94.2662,196.9975,1,-1,-1,-1
16,2,799.6401,28.1966,88.1104,189.6078,1,-1,-1,-1
17,2,800.3801,28.3364,86.9172,190.2073,1,-1,-1,-1
18,2,801.2341,28.2052,80.0374,187.5042,1,-1,-1,-1
19,2,801.1457,26.8524,78.9614,186.8146,1,-1,-1,-1
20,2,801.8008,24.5111,78.1474,188.0892,1,-1,-1,-1
21,2,799.8828,22.5964,90.6326,196.4407,1,-1,-1,-1
22,2,803.866,23.6378,93.0936,199.0702,1,-1,-1,-1
23,2,807.6993,26.2007,92.4714,195.312,1,-1,-1,-1
24,2,807.3399,23.6428,94.369,206.9222,1,-1,-1,-1
25,2,809.2405,22.9669,91.7637,211.5722,1,-1,-1,-1
26,2,809.462,22.4808,91.6029,205.7114,1,-1,-1,-1
27,2,812.7217,22.7411,79.7424,191.4865,1,-1,-1,-1
28,2,812.8146,22.8751,82.9701,198.1154,1,-1,-1,-1
29,2,812.8818,22.5637,84.2417,199.4455,1,-1,-1,-1
30,2,807.9705,21.5743,94.0329,228.9514,1,-1,-1,-1
31,2,804.1602,21.2312,97.5166,231.2672,1,-1,-1,-1
32,2,803.9244,20.3452,96.9087,232.6133,1,-1,-1,-1
33,2,806.1476,20.2375,97.8652,222.529,1,-1,-1,-1
34,2,805.365,21.1883,99.37,232.3746,1,-1,-1,-1
35,2,805.8212,20.8981,96.6695,226.0127,1,-1,-1,-1
36,2,810.0924,21.8827,87.6601,209.6051,1,-1,-1,-1
37,2,809.9871,19.9167,90.1171,231.0354,1,-1,-1,-1
38,2,812.201,20.3025,87.3057,233.2092,1,-1,-1,-1
39,2,814.5102,21.3902,85.6106,232.9948,1,-1,-1,-1
40,2,819.9528,20.4138,82.6452,224.9997,1,-1,-1,-1
41,2,816.5764,21.6993,84.5216,230.8078,1,-1,-1,-1
42,2,924.7441,198.4206,143.6683,174.3166,1,-1,-1,-1
43,2,817.1535,21.876,83.6505,233.4584,1,-1,-1,-1
44,2,816.5981,22.208,82.2807,231.7207,1,-1,-1,-1
45,2,817.97,22.0412,77.5497,225.1266,1,-1,-1,-1
46,2,815.9023,21.5131,84.6463,231.748,1,-1,-1,-1
47,2,813.5031,20.9888,88.4948,232.4033,1,-1,-1,-1
48,2,814.0361,20.8752,87.5348,234.0627,1,-1,-1,-1
49,2,814.2281,20.6145,86.2314,234.5327,1,-1,-1,-1
50,2,812.7608,20.7243,87.5471,233.656,1,-1,-1,-1
51,2,811.6836,20.6706,87.1368,233.326,1,-1,-1,-1
52,2,811.868,19.8656,87.2193,234.131,1,-1,-1,-1
53,2,814.73,21.3802,80.3529,225.8957,1,-1,-1,-1
54,2,814.8596,21.5199,80.4727,228.0023,1,-1,-1,-1
55,2,814.9348,21.3277,80.5526,226.7336,1,-1,-1,-1
56,2,814.6359,21.9373,79.3543,230.1543,1,-1,-1,-1
57,2,814.195,22.2144,80.6328,231.3987,1,-1,-1,-1
58,2,812.6341,20.7024,85.6137,228.1777,1,-1,-1,-1
59,2,813.097,20.7587,86.1031,228.0462,1,-1,-1,-1
60,2,813.464,21.5598,86.0198,225.9394,1,-1,-1,-1
61,2,814.8416,20.1828,79.3348,229.304,1,-1,-1,-1
62,2,814.6219,20.409,80.1648,231.0525,1,-1,-1,-1
63,2,814.8402,20.5905,78.5891,228.6876,1,-1,-1,-1
64,2,923.8391,196.3045,145.5833,172.0213,1,-1,-1,-1
65,2,810.9652,21.4007,88.9414,227.653,1,-1,-1,-1
66,2,809.4099,21.5882,84.1262,218.0612,1,-1,-1,-1
67,2,813.3493,21.7066,80.1775,227.8683,1,-1,-1,-1
68,2,814.0164,21.2643,75.7454,222.1774,1,-1,-1,-1
69,2,809.6187,21.5402,89.3053,223.1768,1,-1,-1,-1
70,2,809.6486,21.5843,89.7058,225.1312,1,-1,-1,-1
71,2,809.0461,21.5292,84.6175,220.2248,1,-1,-1,-1
72,2,810.5457,21.629,88.3555,227.606,1,-1,-1,-1
73,2,809.6896,20.2957,88.7507,237.4931,1,-1,-1,-1
74,2,810.7438,19.6787,87.3171,238.319,1,-1,-1,-1
75,2,809.478,21.1394,88.4308,234.4744,1,-1,-1,-1
76,2,811.2062,20.1666,87.0647,228.3554,1,-1,-1,-1
77,2,813.8662,18.3339,81.0289,232.7122,1,-1,-1,-1
78,2,811.6836,18.2464,89.0901,232.9171,1,-1,-1,-1
79,2,808.5323,18.797,88.4212,238.8383,1,-1,-1,-1
80,2,808.5527,21.2853,82.8061,215.5688,1,-1,-1,-1
81,2,807.5409,21.6351,88.3528,218.5304,1,-1,-1,-1
82,2,806.3248,22.3789,80.2146,201.1069,1,-1,-1,-1
83,2,806.7323,21.7199,90.8218,210.1172,1,-1,-1,-1
84,2,805.7583,22.377,79.6991,185.8404,1,-1,-1,-1
85,2,808.5449,21.7968,67.3283,184.9972,1,-1,-1,-1
86,2,808.2672,22.1616,67.5841,186.031,1,-1,-1,-1
87,2,807.027,22.5774,73.0009,186.0478,1,-1,-1,-1
88,2,806.2658,21.7363,72.5057,185.4336,1,-1,-1,-1
89,2,804.2543,22.6476,75.0111,181.7976,1,-1,-1,-1
90,2,803.5264,21.678,77.7594,181.8525,1,-1,-1,-1
91,2,799.3647,20.8441,82.3717,184.6323,1,-1,-1,-1
92,2,805.7697,18.7946,68.4604,186.3475,1,-1,-1,-1
93,2,805.4822,20.8158,71.0428,179.174,1,-1,-1,-1
94,2,800.6746,19.6943,80.1583,193.6554,1,-1,-1,-1
95,2,801.4546,19.2274,83.2759,200.1776,1,-1,-1,-1
96,2,799.5835,19.4067,79.349,194.276,1,-1,-1,-1
97,2,804.4231,19.2551,68.4364,195.8055,1,-1,-1,-1
98,2,802.0495,22.9659,72.6033,194.3561,1,-1,-1,-1
99,2,803.51,20.138,69.1556,196.5259,1,-1,-1,-1
100,2,802.7849,20.4122,72.0217,194.7753,1,-1,-1,-1
101,2,798.9299,21.6809,70.084,191.9428,1,-1,-1,-1
102,2,798.2504,22.1219,72.7262,192.884,1,-1,-1,-1
103,2,797.0732,22.4965,72.2116,191.0868,1,-1,-1,-1
104,2,795.9557,24.6811,74.1659,189.6566,1,-1,-1,-1
105,2,795.4085,24.0684,73.6802,190.9837,1,-1,-1,-1
106,2,794.3736,25.3941,76.0311,186.8101,1,-1,-1,-1
107,2,792.5992,26.4626,76.8005,183.7557,1,-1,-1,-1
108,2,783.3755,23.8157,91.0537,189.1207,1,-1,-1,-1
109,2,780.1648,23.7949,90.6296,188.088,1,-1,-1,-1
110,2,779.0176,24.6767,89.5196,186.5669,1,-1,-1,-1
111,2,775.5557,23.247,91.197,187.1513,1,-1,-1,-1
112,2,780.1559,24.3176,76.3737,182.2785,1,-1,-1,-1
113,2,778.9451,27.6073,81.7341,179.6684,1,-1,-1,-1
114,2,777.8269,27.5121,81.7253,179.2328,1,-1,-1,-1
115,2,776.5388,27.6033,83.0375,179.0871,1,-1,-1,-1
116,2,775.8467,28.173,83.1608,178.7884,1,-1,-1,-1
117,2,775.5375,28.8699,81.8682,179.9915,1,-1,-1,-1
118,2,775.2602,28.2384,81.0544,182.2603,1,-1,-1,-1
119,2,769.6415,24.7479,87.6306,186.2783,1,-1,-1,-1
120,2,770.0515,25.4687,86.4511,185.2219,1,-1,-1,-1
121,2,766.2147,24.6002,87.4394,186.9224,1,-1,-1,-1
122,2,771.4062,28.0068,82.058,181.315,1,-1,-1,-1
123,2,766.0172,24.2282,87.8581,187.3817,1,-1,-1,-1
124,2,768.5873,28.2093,80.4955,182.7541,1,-1,-1,-1
125,2,763.5294,24.678,87.5136,186.6076,1,-1,-1,-1
126,2,768.231,28.2849,79.0158,180.1914,1,-1,-1,-1
127,2,768.6724,28.9194,77.6859,179.1841,1,-1,-1,-1
128,2,768.5422,29.5004,77.2507,180.859,1,-1,-1,-1
129,2,770.3926,28.4183,73.2096,181.2963,1,-1,-1,-1
130,2,771.9432,29.6023,71.3131,179.4938,1,-1,-1,-1
131,2,773.9471,29.2443,67.0982,183.1538,1,-1,-1,-1
132,2,772.3477,27.3861,68.8184,184.4808,1,-1,-1,-1
133,2,771.2441,28.1705,69.3315,183.7919,1,-1,-1,-1
134,2,769.017,27.8616,71.1181,184.2631,1,-1,-1,-1
135,2,771.3032,27.8791,67.8721,184.8987,1,-1,-1,-1
136,2,770.8967,29.7977,67.3177,182.5765,1,-1,-1,-1
137,2,763.6512,27.1443,70.5842,185.5963,1,-1,-1,-1
138,2,772.7105,29.5032,63.6676,182.436,1,-1,-1,-1
139,2,769.5133,30.1245,67.5999,183.0246,1,-1,-1,-1
140,2,768.1042,29.9167,70.1428,182.1096,1,-1,-1,-1
141,2,766.2939,29.514,72.1571,181.8531,1,-1,-1,-1
142,2,767.1817,29.1763,70.8667,183.6319,1,-1,-1,-1
143,2,762.3931,22.6062,69.0237,190.7041,1,-1,-1,-1
144,2,759.1782,26.2644,72.6798,184.299,1,-1,-1,-1
145,2,748.5233,26.5493,82.2906,193.3597,1,-1,-1,-1
146,2,748.3103,24.7307,80.3237,207.6005,1,-1,-1,-1
147,2,747.5731,29.7042,76.2877,200.3544,1,-1,-1,-1
148,2,745.918,28.5939,77.2903,200.8081,1,-1,-1,-1
149,2,745.6143,28.9558,77.0731,199.5857,1,-1,-1,-1
150,2,746.4348,28.0723,76.6751,192.824,1,-1,-1,-1
151,2,743.5316,27.5614,79.3393,205.3845,1,-1,-1,-1
152,2,741.7115,29.0976,80.1172,203.3471,1,-1,-1,-1
153,2,745.1434,30.855,75.8211,198.1579,1,-1,-1,-1
154,2,746.2241,33.0443,73.2509,193.0815,1,-1,-1,-1
155,2,745.3994,33.3289,74.1894,193.451,1,-1,-1,-1
156,2,740.025,31.5936,79.0318,199.6289,1,-1,-1,-1
157,2,737.4227,30.735,82.3821,200.4841,1,-1,-1,-1
158,2,734.2294,31.9291,85.5064,198.6599,1,-1,-1,-1
159,2,731.571,33.1134,90.1522,195.9025,1,-1,-1,-1
160,2,727.666,34.5694,89.5198,195.5099,1,-1,-1,-1
161,2,729.6298,34.179,83.0279,192.2767,1,-1,-1,-1
162,2,725.746,35.5821,88.4361,197.8697,1,-1,-1,-1
163,2,727.3956,30.8798,81.4354,200.2619,1,-1,-1,-1
164,2,721.1641,29.582,80.8522,202.1962,1,-1,-1,-1
165,2,722.6234,27.8092,72.6486,199.356,1,-1,-1,-1
166,2,713.7041,28.4988,79.499,204.308,1,-1,-1,-1
167,2,708.3638,29.2249,75.6308,200.3161,1,-1,-1,-1
168,2,705.4141,29.4407,76.3043,196.6266,1,-1,-1,-1
169,2,704.6451,28.3429,69.6454,196.6877,1,-1,-1,-1
170,2,703.9717,29.1621,67.3168,191.9793,1,-1,-1,-1
171,2,702.3757,29.0233,68.2357,195.0977,1,-1,-1,-1
172,2,701.945,31.6275,67.0572,190.7388,1,-1,-1,-1
173,2,702.444,31.279,64.1974,191.3004,1,-1,-1,-1
174,2,701.7024,31.5348,64.7528,194.4118,1,-1,-1,-1
175,2,690.7999,33.2723,71.2972,194.2591,1,-1,-1,-1
176,2,688.7333,34.0572,73.2757,194.8893,1,-1,-1,-1
177,2,686.2416,34.2442,75.4229,194.2974,1,-1,-1,-1
178,2,685.6265,36.3919,73.6272,191.8878,1,-1,-1,-1
179,2,679.289,33.7822,81.5156,197.0161,1,-1,-1,-1
180,2,678.7885,34.5776,83.3096,198.0797,1,-1,-1,-1
181,2,680.4662,36.0524,73.6394,195.0452,1,-1,-1,-1
182,2,680.0942,34.6765,72.5308,199.9427,1,-1,-1,-1
183,2,681.031,36.6363,68.6776,194.5858,1,-1,-1,-1
184,2,679.9094,36.3384,67.6729,193.7813,1,-1,-1,-1
185,2,679.6927,37.5655,64.5452,192.8296,1,-1,-1,-1
186,2,679.0501,38.6527,62.7001,192.2071,1,-1,-1,-1
187,2,674.2441,37.4245,61.8151,194.5009,1,-1,-1,-1
188,2,672.3625,36.8566,62.235,194.1666,1,-1,-1,-1
189,2,670.9352,36.1968,61.6769,195.1439,1,-1,-1,-1
190,2,669.2864,36.5495,62.7308,194.494,1,-1,-1,-1
191,2,667.2383,32.1518,63.8142,200.0769,1,-1,-1,-1
192,2,663.0779,33.2525,63.4947,196.6253,1,-1,-1,-1
193,2,661.8483,36.6586,63.8652,193.6182,1,-1,-1,-1
194,2,658.5328,37.4123,66.5225,194.0845,1,-1,-1,-1
195,2,653.789,38.0733,70.334,194.7005,1,-1,-1,-1
196,2,637.791,34.6971,84.7284,199.441,1,-1,-1,-1
197,2,641.0511,38.4521,78.5415,196.0507,1,-1,-1,-1
198,2,638.096,38.0144,80.2777,197.2008,1,-1,-1,-1
199,2,636.6384,37.6898,81.1305,198.2377,1,-1,-1,-1
200,2,635.4449,39.1281,81.5833,197.662,1,-1,-1,-1
201,2,636.2688,39.2912,80.2897,197.9725,1,-1,-1,-1
202,2,638.4027,40.3519,78.2886,198.2042,1,-1,-1,-1
203,2,637.7275,40.8385,78.4916,197.0259,1,-1,-1,-1
204,2,637.8882,39.968,77.4963,197.3772,1,-1,-1,-1
205,2,637.5197,38.4595,78.1969,201.2674,1,-1,-1,-1
206,2,636.7594,39.7547,77.6496,200.433,1,-1,-1,-1
207,2,633.5972,41.2207,76.6985,197.8309,1,-1,-1,-1
208,2,633.1845,41.496,76.0913,197.7983,1,-1,-1,-1
209,2,632.8693,43.1967,73.9672,196.2939,1,-1,-1,-1
210,2,627.6146,40.7739,76.3398,198.8023,1,-1,-1,-1
211,2,632.1672,43.0043,68.1968,194.9889,1,-1,-1,-1
212,2,624.909,40.2639,73.6606,202.4177,1,-1,-1,-1
213,2,633.1849,42.5764,62.3671,196.5901,1,-1,-1,-1
214,2,626.8063,41.8245,64.9861,197.3362,1,-1,-1,-1
215,2,628.0464,41.6224,61.7027,198.0273,1,-1,-1,-1
216,2,628.3394,35.2502,59.7707,206.3466,1,-1,-1,-1
217,2,629.5404,37.5794,57.1783,206.1925,1,-1,-1,-1
218,2,629.013,39.3582,57.5185,205.6979,1,-1,-1,-1
219,2,628.8966,41.0634,57.1734,204.0221,1,-1,-1,-1
220,2,627.6379,41.8248,58.8041,203.8474,1,-1,-1,-1
221,2,628.0936,41.2534,57.8984,205.5765,1,-1,-1,-1
222,2,627.429,40.8214,57.8211,205.442,1,-1,-1,-1
223,2,628.12,39.0964,57.1768,207.614,1,-1,-1,-1
224,2,627.7822,40.5549,57.848,205.6096,1,-1,-1,-1
225,2,626.5509,41.3107,60.0231,204.0557,1,-1,-1,-1
226,2,623.3503,41.3273,65.126,204.6898,1,-1,-1,-1
227,2,622.2646,42.6994,67.7544,203.8555,1,-1,-1,-1
228,2,623.2781,44.4893,67.7001,202.0856,1,-1,-1,-1
229,2,621.4244,42.9227,71.7377,203.3051,1,-1,-1,-1
230,2,620.5128,42.6332,73.236,204.0159,1,-1,-1,-1
231,2,619.2565,43.3378,74.8153,203.7934,1,-1,-1,-1
232,2,618.7146,44.4264,75.9797,204.0223,1,-1,-1,-1
233,2,619.7681,44.2472,75.5995,204.3337,1,-1,-1,-1
234,2,616.3422,41.6655,80.8582,207.7086,1,-1,-1,-1
235,2,620.3326,42.7526,76.5346,206.474,1,-1,-1,-1
236,2,619.2565,42.7657,78.2477,205.9433,1,-1,-1,-1
237,2,619.2857,42.6773,78.7875,205.5402,1,-1,-1,-1
238,2,618.3977,42.6353,79.8348,205.2561,1,-1,-1,-1
239,2,618.2299,42.9471,81.5805,205.2382,1,-1,-1,-1
240,2,613.6902,41.5507,90.2536,206.0457,1,-1,-1,-1
241,2,614.3265,42.4185,91.3657,206.5366,1,-1,-1,-1
242,2,617.7922,41.6534,88.5011,207.8204,1,-1,-1,-1
243,2,617.4761,42.2575,89.4948,207.6147,1,-1,-1,-1
244,2,617.1323,43.0781,89.9362,207.7259,1,-1,-1,-1
245,2,615.7271,43.1567,91.8026,208.3274,1,-1,-1,-1
246,2,615.7567,44.045,93.2948,207.6859,1,-1,-1,-1
247,2,617.2622,46.0049,92.6522,206.8386,1,-1,-1,-1
248,2,617.6832,47.2044,94.1129,206.1494,1,-1,-1,-1
249,2,619.9501,47.5365,92.7873,207.1883,1,-1,-1,-1
250,2,620.7232,47.8859,93.0671,208.5316,1,-1,-1,-1
251,2,621.4894,47.8196,92.7405,208.7778,1,-1,-1,-1
252,2,620.9211,47.9641,93.68,207.1767,1,-1,-1,-1
253,2,619.8856,49.1486,95.0263,208.4279,1,-1,-1,-1
254,2,621.0093,48.9581,94.7773,207.3779,1,-1,-1,-1
255,2,623.4065,48.1614,92.4526,207.4937,1,-1,-1,-1
256,2,622.3629,48.6492,93.3867,208.2436,1,-1,-1,-1
257,2,622.1472,48.9025,94.3598,208.4251,1,-1,-1,-1
258,2,622.851,43.9562,92.9953,215.9021,1,-1,-1,-1
259,2,622.7907,43.6614,92.8245,217.827,1,-1,-1,-1
1,3,931.5961,203.9354,141.3496,149.5535,1,-1,-1,-1
2,3,931.9062,205.4064,138.7142,149.753,1,-1,-1,-1
3,3,930.5237,201.2384,141.0141,176.4493,1,-1,-1,-1
4,3,931.2198,201.143,140.0044,173.4435,1,-1,-1,-1
5,3,929.5828,200.6251,141.8545,178.5133,1,-1,-1,-1
6,3,930.1099,202.0157,141.3676,170.8206,1,-1,-1,-1
7,3,929.7652,201.9147,141.7226,173.1451,1,-1,-1,-1
8,3,929.8259,200.6093,141.8979,175.9682,1,-1,-1,-1
9,3,929.5966,200.36,142.0771,178.3607,1,-1,-1,-1
10,3,929.3816,199.8773,142.2615,179.6556,1,-1,-1,-1
11,3,929.6616,199.8888,141.8245,178.3696,1,-1,-1,-1
12,3,928.1285,200.2502,143.2126,177.5038,1,-1,-1,-1
13,3,927.6038,199.7401,143.9641,172.4871,1,-1,-1,-1
14,3,927.5102,199.1513,144.2198,170.1169,1,-1,-1,-1
15,3,926.9238,198.9301,145.9147,175.569,1,-1,-1,-1
16,3,927.3818,197.8195,144.174,177.6856,1,-1,-1,-1
17,3,926.6281,197.8374,144.4173,175.8051,1,-1,-1,-1
18,3,927.0252,198.2607,143.07,171.2368,1,-1,-1,-1
19,3,926.5148,197.5831,144.1078,177.6011,1,-1,-1,-1
20,3,925.0505,197.2541,145.8875,179.5973,1,-1,-1,-1
21,3,924.9838,196.7719,145.8187,181.8453,1,-1,-1,-1
22,3,924.7958,196.1611,145.3019,183.0833,1,-1,-1,-1
23,3,924.3772,196.1451,146.3654,182.6689,1,-1,-1,-1
24,3,924.571,196.8009,145.7167,180.9177,1,-1,-1,-1
25,3,925.3425,199.1239,144.038,171.1019,1,-1,-1,-1
26,3,925.2714,197.7443,143.6471,174.9549,1,-1,-1,-1
27,3,924.9043,198.022,143.9078,174.9872,1,-1,-1,-1
28,3,924.7104,197.8658,143.9823,175.3714,1,-1,-1,-1
29,3,924.5999,197.5653,144.1357,176.5702,1,-1,-1,-1
30,3,925.1207,197.5791,143.2323,175.4158,1,-1,-1,-1
31,3,924.3658,198.1855,144.8371,171.3422,1,-1,-1,-1
32,3,925.0728,198.6337,143.4167,172.7286,1,-1,-1,-1
33,3,925.3337,198.5175,143.1697,175.817,1,-1,-1,-1
34,3,924.2924,196.9977,145.1518,173.2761,1,-1,-1,-1
35,3,924.4034,197.9338,144.748,172.2279,1,-1,-1,-1
36,3,924.3846,199.0144,144.2372,171.6966,1,-1,-1,-1
37,3,923.9717,198.2284,144.5886,177.6134,1,-1,-1,-1
38,3,923.9501,199.7316,144.6053,174.6376,1,-1,-1,-1
39,3,924.4751,198.1348,143.8184,177.4735,1,-1,-1,-1
40,3,923.4952,199.2125,145.4218,172.071,1,-1,-1,-1
41,3,923.956,199.2044,144.2355,170.0059,1,-1,-1,-1
42,3,1074.1289,30.3468,117.9586,201.4849,1,-1,-1,-1
43,3,923.8395,198.0892,145.4781,174.0089,1,-1,-1,-1
44,3,923.7405,196.7479,145.3292,179.3044,1,-1,-1,-1
45,3,923.8388,197.1609,145.1151,177.0654,1,-1,-1,-1
46,3,923.6182,196.5115,145.6825,176.1991,1,-1,-1,-1
47,3,923.5143,196.1502,146.2921,178.5468,1,-1,-1,-1
48,3,923.2405,196.2037,146.76,181.1115,1,-1,-1,-1
49,3,926.9136,202.4642,146.2905,179.7658,1,-1,-1,-1
50,3,926.3826,202.5218,146.6157,178.7118,1,-1,-1,-1
51,3,926.8964,202.0073,146.5522,179.2906,1,-1,-1,-1
52,3,927.0333,202.3845,146.7588,178.558,1,-1,-1,-1
53,3,927.2516,202.5631,146.6,177.9167,1,-1,-1,-1
54,3,923.7405,194.2988,147.1803,180.946,1,-1,-1,-1
55,3,924.1239,194.8427,146.7128,179.2343,1,-1,-1,-1
56,3,923.7052,195.6603,147.2427,182.3464,1,-1,-1,-1
57,3,924.1783,196.2077,146.7425,182.1364,1,-1,-1,-1
58,3,923.9688,194.9923,146.8272,183.5279,1,-1,-1,-1
59,3,924.5676,194.6455,146.3155,184.461,1,-1,-1,-1
60,3,924.4265,195.1341,145.7078,180.9156,1,-1,-1,-1
61,3,925.8034,197.0935,144.5953,176.9294,1,-1,-1,-1
62,3,924.2548,194.9568,145.7046,179.7063,1,-1,-1,-1
63,3,923.7885,196.2453,145.7832,177.3342,1,-1,-1,-1
64,3,1063.3218,34.83,128.0842,198.7394,1,-1,-1,-1
65,3,923.5948,196.1495,145.823,176.0609,1,-1,-1,-1
66,3,923.5373,195.1028,146.538,180.6599,1,-1,-1,-1
67,3,923.1099,194.4202,146.6325,182.0994,1,-1,-1,-1
68,3,923.1321,195.6192,146.3821,180.9073,1,-1,-1,-1
69,3,924.0075,194.8493,145.6015,179.2723,1,-1,-1,-1
70,3,923.8914,195.0677,145.986,180.6971,1,-1,-1,-1
71,3,923.6549,195.3683,146.1436,180.6059,1,-1,-1,-1
72,3,923.9039,195.3736,145.7925,180.785,1,-1,-1,-1
73,3,925.6834,197.0077,143.8541,177.6883,1,-1,-1,-1
74,3,924.0159,195.6969,145.7456,179.4807,1,-1,-1,-1
75,3,924.5166,194.8972,145.1061,178.9378,1,-1,-1,-1
76,3,924.264,194.8796,145.7306,177.4293,1,-1,-1,-1
77,3,926.9725,195.7754,143.2841,179.2372,1,-1,-1,-1
78,3,927.1778,195.3713,143.2654,180.6822,1,-1,-1,-1
79,3,927.2585,196.8388,143.2004,167.9537,1,-1,-1,-1
80,3,926.3666,196.6608,144.8111,173.4407,1,-1,-1,-1
81,3,927.5231,199.5582,142.4039,161.4034,1,-1,-1,-1
82,3,927.7287,198.1246,142.5596,160.6577,1,-1,-1,-1
83,3,927.9695,196.1137,142.7204,171.1966,1,-1,-1,-1
84,3,927.7236,198.0348,142.9533,162.8815,1,-1,-1,-1
85,3,926.5641,196.0349,144.4995,182.4141,1,-1,-1,-1
86,3,925.9203,196.6254,145.6575,182.4463,1,-1,-1,-1
87,3,925.8347,196.9076,145.9597,182.3215,1,-1,-1,-1
88,3,926.1228,196.7899,145.957,184.0714,1,-1,-1,-1
89,3,927.0286,197.6433,144.9469,179.7682,1,-1,-1,-1
90,3,928.0977,201.0858,147.2315,177.0593,1,-1,-1,-1
91,3,927.7415,199.8542,147.5647,181.1537,1,-1,-1,-1
92,3,928.8582,202.7968,142.4038,176.5068,1,-1,-1,-1
93,3,930.0789,202.3689,141.7819,175.3166,1,-1,-1,-1
94,3,927.035,197.0005,148.2282,184.0338,1,-1,-1,-1
95,3,929.9512,202.2871,142.7011,178.2858,1,-1,-1,-1
96,3,931.2566,201.8094,141.4228,178.8596,1,-1,-1,-1
97,3,928.3358,199.2726,148.21,182.5512,1,-1,-1,-1
98,3,931.0179,199.9415,145.3031,181.4926,1,-1,-1,-1
99,3,931.3268,198.5467,145.2641,182.8024,1,-1,-1,-1
100,3,932.6965,199.1471,143.7809,182.9016,1,-1,-1,-1
101,3,933.3643,199.3066,143.6042,181.9964,1,-1,-1,-1
102,3,933.2428,199.8336,143.9142,181.0073,1,-1,-1,-1
103,3,940.5073,198.4108,135.1182,182.4761,1,-1,-1,-1
104,3,945.1871,197.8733,130.3891,182.7136,1,-1,-1,-1
105,3,941.5275,192.8361,133.6029,187.8902,1,-1,-1,-1
106,3,944.1923,196.8378,132.093,183.0819,1,-1,-1,-1
107,3,947.4075,195.095,127.7131,183.0935,1,-1,-1,-1
108,3,947.3234,189.2487,129.4088,192.1924,1,-1,-1,-1
109,3,944.6511,188.6958,134.4214,192.1921,1,-1,-1,-1
110,3,948.6144,188.4674,130.4525,192.6171,1,-1,-1,-1
111,3,944.6635,191.8572,131.6978,193.1093,1,-1,-1,-1
112,3,945.6968,194.2977,130.39,187.6548,1,-1,-1,-1
113,3,944.25,188.435,135.6206,192.6726,1,-1,-1,-1
114,3,944.9022,192.6293,132.3275,192.6025,1,-1,-1,-1
115,3,935.8888,195.2084,146.9902,185.4343,1,-1,-1,-1
116,3,934.1501,194.6107,149.1613,185.9909,1,-1,-1,-1
117,3,935.542,195.0841,147.4717,185.9887,1,-1,-1,-1
118,3,938.1866,188.8295,141.5529,196.9627,1,-1,-1,-1
119,3,934.2567,194.6613,149.1359,186.2028,1,-1,-1,-1
120,3,935.4649,194.835,148.4291,187.152,1,-1,-1,-1
121,3,935.4844,195.0351,145.9458,185.1849,1,-1,-1,-1
122,3,935.7103,195.5191,145.5616,184.5071,1,-1,-1,-1
123,3,935.7258,195.6007,145.2467,184.5495,1,-1,-1,-1
124,3,935.0531,195.0492,146.1852,185.2854,1,-1,-1,-1
125,3,934.8457,195.5941,146.6206,185.6305,1,-1,-1,-1
126,3,934.3268,195.6275,146.9023,185.4732,1,-1,-1,-1
127,3,934.3287,195.9491,147.6127,184.6124,1,-1,-1,-1
128,3,934.6131,195.571,147.4488,184.7444,1,-1,-1,-1
129,3,934.783,196.1334,146.547,184.4396,1,-1,-1,-1
130,3,934.8226,196.1529,145.7025,185.2314,1,-1,-1,-1
131,3,934.465,195.8448,146.2722,185.8195,1,-1,-1,-1
132,3,934.9573,195.8804,145.8354,186.278,1,-1,-1,-1
133,3,933.2147,196.1611,148.0609,185.9939,1,-1,-1,-1
134,3,933.8987,196.1192,146.0172,186.5135,1,-1,-1,-1
135,3,933.5642,196.3633,145.8568,186.3684,1,-1,-1,-1
136,3,931.8585,195.533,147.2919,187.2399,1,-1,-1,-1
137,3,930.0698,195.506,148.0769,187.0526,1,-1,-1,-1
138,3,930.789,196.0679,146.7963,187.0224,1,-1,-1,-1
139,3,930.263,195.8897,148.4103,186.6556,1,-1,-1,-1
140,3,927.8968,195.6526,151.5262,187.2334,1,-1,-1,-1
141,3,928.2361,196.3309,150.7451,186.0307,1,-1,-1,-1
142,3,931.5752,194.0171,146.6321,190.3176,1,-1,-1,-1
143,3,929.776,197.578,148.2966,184.9709,1,-1,-1,-1
144,3,930.0505,197.7786,147.1704,184.9587,1,-1,-1,-1
145,3,928.9863,197.6735,148.8167,185.1762,1,-1,-1,-1
146,3,929.4706,197.5984,147.1875,186.1429,1,-1,-1,-1
147,3,929.3728,197.8028,148.1801,186.2966,1,-1,-1,-1
148,3,931.8403,197.5626,145.6197,185.397,1,-1,-1,-1
149,3,932.0326,198.3459,145.2062,183.9976,1,-1,-1,-1
150,3,932.3702,197.9893,145.0575,184.312,1,-1,-1,-1
151,3,932.5496,199.3244,143.3211,182.6099,1,-1,-1,-1
152,3,932.4359,198.8469,144.7799,182.4027,1,-1,-1,-1
153,3,931.4626,199.3104,145.0938,182.3919,1,-1,-1,-1
154,3,933.1594,194.7853,144.9899,188.0934,1,-1,-1,-1
155,3,933.2362,196.4881,144.7576,185.783,1,-1,-1,-1
156,3,932.3973,196.4913,145.9269,186.1084,1,-1,-1,-1
157,3,932.1953,195.3115,145.3743,183.3032,1,-1,-1,-1
158,3,932.8081,195.7377,144.5951,183.8192,1,-1,-1,-1
159,3,932.1512,195.8296,144.988,185.5988,1,-1,-1,-1
160,3,932.4591,195.8296,144.9362,188.0109,1,-1,-1,-1
161,3,932.0683,195.437,145.23,189.5587,1,-1,-1,-1
162,3,932.2971,195.5874,144.4721,184.3515,1,-1,-1,-1
163,3,930.9547,200.5813,145.7528,182.4111,1,-1,-1,-1
164,3,930.9978,201.1337,145.9423,181.7515,1,-1,-1,-1
165,3,932.9161,195.129,143.5027,187.3444,1,-1,-1,-1
166,3,930.4179,201.4149,146.9262,181.7044,1,-1,-1,-1
167,3,930.8712,201.5711,146.5726,181.7899,1,-1,-1,-1
168,3,932.6602,196.0446,143.5666,187.1033,1,-1,-1,-1
169,3,932.0074,196.3567,144.2531,188.147,1,-1,-1,-1
170,3,930.8986,201.644,146.3861,180.9119,1,-1,-1,-1
171,3,930.8232,201.166,146.6347,181.3463,1,-1,-1,-1
172,3,931.3929,202.0276,145.7183,181.1388,1,-1,-1,-1
173,3,933.3903,196.385,143.0565,189.156,1,-1,-1,-1
174,3,931.2769,201.5044,146.0366,181.9792,1,-1,-1,-1
175,3,931.2049,201.481,145.783,182.5682,1,-1,-1,-1
176,3,931.2151,201.2528,145.526,182.968,1,-1,-1,-1
177,3,930.7537,201.6911,145.8762,182.6436,1,-1,-1,-1
178,3,930.7331,201.7716,145.7444,182.5929,1,-1,-1,-1
179,3,930.7242,201.2613,146.1811,183.0715,1,-1,-1,-1
180,3,931.0458,201.3142,145.7536,182.6528,1,-1,-1,-1
181,3,930.2135,201.4467,145.8887,181.4335,1,-1,-1,-1
182,3,932.2853,197.9827,143.8017,185.817,1,-1,-1,-1
183,3,930.683,202.0798,144.973,179.9816,1,-1,-1,-1
184,3,930.3348,202.1415,145.04,179.9961,1,-1,-1,-1
185,3,930.8279,201.8698,144.7468,180.3057,1,-1,-1,-1
186,3,933.4971,198.9878,142.8115,183.7713,1,-1,-1,-1
187,3,933.2819,198.2034,142.5953,185.4208,1,-1,-1,-1
188,3,932.0136,197.68,143.7401,186.0695,1,-1,-1,-1
189,3,931.4047,198.9846,143.9339,185.3109,1,-1,-1,-1
190,3,932.0794,197.4684,142.8736,186.1368,1,-1,-1,-1
191,3,931.59,198.3525,142.3359,185.0543,1,-1,-1,-1
192,3,932.2891,198.5356,141.1513,183.8841,1,-1,-1,-1
193,3,931.5778,199.6055,141.4215,179.7099,1,-1,-1,-1
194,3,931.9163,198.3997,140.4196,182.2016,1,-1,-1,-1
195,3,931.9082,198.4859,140.0342,183.5558,1,-1,-1,-1
196,3,932.1623,198.4965,139.8691,184.6485,1,-1,-1,-1
197,3,932.0231,199.1701,139.4526,184.6956,1,-1,-1,-1
198,3,932.0283,198.2548,138.8594,184.9271,1,-1,-1,-1
199,3,931.5784,198.3511,138.6004,184.8383,1,-1,-1,-1
200,3,931.7236,198.0964,137.8086,183.5448,1,-1,-1,-1
201,3,931.8575,198.0669,137.5473,184.23,1,-1,-1,-1
202,3,932.1774,198.5608,137.2199,182.5422,1,-1,-1,-1
203,3,931.7183,197.876,137.3407,184.6751,1,-1,-1,-1
204,3,931.546,198.1347,137.3172,184.5231,1,-1,-1,-1
205,3,931.6852,197.8006,137.4305,184.5799,1,-1,-1,-1
206,3,931.2042,197.7334,137.9065,185.3374,1,-1,-1,-1
207,3,930.8555,198.1744,138.2951,184.8005,1,-1,-1,-1
208,3,930.6227,197.9359,138.3979,186.1002,1,-1,-1,-1
209,3,930.6412,198.0349,138.4699,185.4497,1,-1,-1,-1
210,3,930.5241,197.8026,138.2801,185.5481,1,-1,-1,-1
211,3,930.5871,198.128,137.8328,185.0696,1,-1,-1,-1
212,3,930.1664,198.1799,138.3738,185.3727,1,-1,-1,-1
213,3,930.6992,197.6983,137.5741,185.4241,1,-1,-1,-1
214,3,931.1899,198.1078,137.0965,184.4836,1,-1,-1,-1
215,3,930.7555,198.007,137.6481,184.4261,1,-1,-1,-1
216,3,931.3804,198.6371,136.9826,184.1366,1,-1,-1,-1
217,3,932.4742,198.9119,135.8255,182.4841,1,-1,-1,-1
218,3,932.9684,199.2521,135.2397,181.9558,1,-1,-1,-1
219,3,932.8894,199.3992,135.5625,181.7992,1,-1,-1,-1
220,3,932.3957,199.5803,136.1213,181.0228,1,-1,-1,-1
221,3,931.6978,199.5513,136.9879,180.6458,1,-1,-1,-1
222,3,931.4796,199.9734,137.8289,181.6701,1,-1,-1,-1
223,3,931.9104,199.2769,137.4021,181.4158,1,-1,-1,-1
224,3,931.5961,198.8035,137.5349,181.5872,1,-1,-1,-1
225,3,931.469,199.2258,138.0979,183.628,1,-1,-1,-1
226,3,931.6331,198.2037,139.0485,186.0206,1,-1,-1,-1
227,3,931.3846,197.919,139.5831,186.2789,1,-1,-1,-1
228,3,931.5401,198.8725,139.1395,184.1581,1,-1,-1,-1
229,3,931.7689,200.4851,138.9383,184.0274,1,-1,-1,-1
230,3,932.084,199.5578,138.7804,184.934,1,-1,-1,-1
231,3,931.6648,199.4697,139.4501,184.7514,1,-1,-1,-1
232,3,931.3668,199.08,139.6211,185.7529,1,-1,-1,-1
233,3,931.0604,199.866,139.8634,184.298,1,-1,-1,-1
234,3,931.374,199.2406,139.499,184.5914,1,-1,-1,-1
235,3,931.5664,198.7055,139.4858,186.1015,1,-1,-1,-1
236,3,931.6269,198.2953,139.221,186.7806,1,-1,-1,-1
237,3,931.5776,198.3416,138.6453,185.023,1,-1,-1,-1
238,3,930.9848,199.1198,139.4609,184.8652,1,-1,-1,-1
239,3,931.1086,198.6435,139.811,186.4489,1,-1,-1,-1
240,3,931.4369,197.7838,138.9966,187.5039,1,-1,-1,-1
241,3,931.3845,197.0207,138.9953,185.2599,1,-1,-1,-1
242,3,931.4136,197.2182,138.9791,184.997,1,-1,-1,-1
243,3,929.6381,195.4655,140.5765,183.2211,1,-1,-1,-1
244,3,930.7354,196.6016,139.6971,186.8617,1,-1,-1,-1
245,3,930.4854,196.8059,140.1412,186.8124,1,-1,-1,-1
246,3,929.6109,194.761,140.8317,183.4715,1,-1,-1,-1
247,3,930.3002,195.9953,139.7267,187.0494,1,-1,-1,-1
248,3,930.6534,196.6451,139.4288,186.302,1,-1,-1,-1
249,3,930.3998,197.1638,139.7352,186.0787,1,-1,-1,-1
250,3,930.2766,197.6139,140.057,185.1531,1,-1,-1,-1
251,3,930.5133,197.8221,139.2966,184.4456,1,-1,-1,-1
252,3,930.4963,197.8591,139.0772,183.8272,1,-1,-1,-1
253,3,930.9161,197.6751,139.9515,185.0478,1,-1,-1,-1
254,3,930.8086,202.3934,140.4569,180.1813,1,-1,-1,-1
255,3,930.5369,202.4518,141.4161,180.5909,1,-1,-1,-1
256,3,929.9749,202.0766,143.0705,180.3893,1,-1,-1,-1
257,3,931.2809,197.0865,140.2632,186.3743,1,-1,-1,-1
258,3,931.9944,197.2531,139.0344,185.0579,1,-1,-1,-1
259,3,931.4681,197.5367,139.6065,187.4166,1,-1,-1,-1
1,4,1118.0662,135.6475,146.245,290.078,1,-1,-1,-1
2,4,1121.0623,139.5886,137.6252,282.5419,1,-1,-1,-1
3,4,1120.5887,144.7756,133.1925,277.0121,1,-1,-1,-1
4,4,1120.2771,153.9651,138.6797,274.627,1,-1,-1,-1
5,4,1119.2827,157.3397,139.4735,272.5807,1,-1,-1,-1
6,4,1120.3118,159.2746,153.5312,270.7276,1,-1,-1,-1
7,4,1120.1487,165.255,150.1772,269.6156,1,-1,-1,-1
8,4,1118.811,170.0623,150.413,264.1369,1,-1,-1,-1
9,4,1118.1313,172.4104,156.0293,260.5868,1,-1,-1,-1
10,4,1119.3245,175.4287,157.4173,257.4233,1,-1,-1,-1
11,4,1121.9618,179.0203,156.0163,251.5394,1,-1,-1,-1
12,4,1119.8599,178.6096,162.9829,253.9427,1,-1,-1,-1
13,5,1120.3531,36.1528,80.5718,193.3275,1,-1,-1,-1
14,5,1117.9883,34.5841,82.7447,191.8614,1,-1,-1,-1
15,5,1114.9736,33.9149,80.9688,192.3071,1,-1,-1,-1
16,5,1109.8744,33.6608,91.8628,194.5421,1,-1,-1,-1
17,5,1114.2013,32.7842,79.5895,193.133,1,-1,-1,-1
18,5,1113.8572,32.0578,79.3518,194.3886,1,-1,-1,-1
19,5,1106.5017,32.3859,92.9517,195.3624,1,-1,-1,-1
20,5,1106.1414,31.9169,92.8194,196.4437,1,-1,-1,-1
21,5,1108.6387,30.9872,92.0508,196.628,1,-1,-1,-1
22,5,1106.6997,32.5389,93.9061,196.0525,1,-1,-1,-1
23,5,1103.2997,27.7873,96.4038,198.0645,1,-1,-1,-1
24,5,1102.1497,26.9716,96.3933,200.2999,1,-1,-1,-1
25,5,1100.9453,26.622,98.521,200.6445,1,-1,-1,-1
26,5,1098.828,26.3239,100.1666,200.6999,1,-1,-1,-1
27,5,1095.318,28.4681,104.8457,199.0389,1,-1,-1,-1
28,5,1093.2253,28.0322,105.5216,199.134,1,-1,-1,-1
29,5,1091.4303,26.4766,107.1857,201.2003,1,-1,-1,-1
30,5,1092.0078,26.5179,107.6677,201.116,1,-1,-1,-1
31,5,1083.5419,27.0361,110.3114,205.4098,1,-1,-1,-1
32,5,1091.9246,28.5474,107.5361,199.8725,1,-1,-1,-1
33,5,1091.3152,28.9161,107.183,198.9108,1,-1,-1,-1
34,5,1092.6158,31.3927,104.8521,198.8283,1,-1,-1,-1
35,5,1085.1033,30.7812,111.4642,200.9408,1,-1,-1,-1
36,5,1084.0083,30.6601,110.4561,201.308,1,-1,-1,-1
37,5,1080.319,30.6997,113.4784,202.3598,1,-1,-1,-1
38,5,1078.4879,29.8997,115.4021,203.2931,1,-1,-1,-1
39,5,1078.2451,30.0314,115.9616,202.7007,1,-1,-1,-1
40,5,1075.329,29.9553,118.6521,202.9528,1,-1,-1,-1
41,5,1075.3839,30.5983,117.792,202.4824,1,-1,-1,-1
42,5,1135.1844,242.6608,150.0446,187.7921,1,-1,-1,-1
43,5,1070.8997,29.447,121.8062,202.6573,1,-1,-1,-1
44,5,1073.1134,29.9981,119.4666,201.4032,1,-1,-1,-1
45,5,1075.4135,30.6777,117.2983,200.8924,1,-1,-1,-1
46,5,1074.9194,31.0476,117.6341,200.5326,1,-1,-1,-1
47,5,1068.8059,31.2797,122.5391,200.6352,1,-1,-1,-1
48,5,1064.4968,31.9862,126.6304,200.3254,1,-1,-1,-1
49,5,1062.5728,31.515,128.7812,200.9474,1,-1,-1,-1
50,5,1062.726,31.5367,128.3548,200.5653,1,-1,-1,-1
51,5,1062.6685,31.7163,128.6235,200.5254,1,-1,-1,-1
52,5,1063.0551,30.5931,128.6308,201.6343,1,-1,-1,-1
53,5,1066.0817,32.606,125.7232,199.5244,1,-1,-1,-1
54,5,1065.624,33.4222,126.1642,198.1999,1,-1,-1,-1
55,5,1065.4004,32.9905,126.4267,199.3848,1,-1,-1,-1
56,5,1064.6006,32.8505,127.4599,199.2389,1,-1,-1,-1
57,5,1067.0798,34.5875,124.8996,197.4517,1,-1,-1,-1
58,5,1067.0244,34.4359,124.8451,198.1822,1,-1,-1,-1
59,5,1066.5876,35.043,124.9679,197.1249,1,-1,-1,-1
60,5,1066.21,34.7742,126.0847,197.0752,1,-1,-1,-1
61,5,1064.9314,36.9077,126.0183,196.7634,1,-1,-1,-1
62,5,1065.1316,36.5425,125.9789,196.9586,1,-1,-1,-1
63,5,1064.1342,35.4579,127.3523,197.9305,1,-1,-1,-1
64,5,1136.2709,247.2365,150.5007,185.8457,1,-1,-1,-1
65,5,1064.4333,36.5231,126.2908,196.3231,1,-1,-1,-1
66,5,1067.2166,36.2271,123.897,196.2084,1,-1,-1,-1
67,5,1067.625,38.2274,123.2506,194.1935,1,-1,-1,-1
68,5,1066.5861,37.7393,124.4524,194.9197,1,-1,-1,-1
69,5,1067.5525,37.15,123.6262,195.8857,1,-1,-1,-1
70,5,1067.6288,37.1588,122.9452,195.602,1,-1,-1,-1
71,5,1067.8047,36.8495,123.2402,196.1199,1,-1,-1,-1
72,5,1066.9014,37.1629,123.9453,195.7163,1,-1,-1,-1
73,5,1068.9813,36.8849,122.4875,194.7653,1,-1,-1,-1
74,5,1068.0234,36.4439,123.3767,195.7511,1,-1,-1,-1
75,5,1067.7897,36.8682,123.0278,194.9652,1,-1,-1,-1
76,5,1066.1608,35.4114,124.6826,196.0073,1,-1,-1,-1
77,5,1065.9954,34.7437,124.9775,196.5859,1,-1,-1,-1
78,5,1067.4148,35.5259,123.7562,195.7426,1,-1,-1,-1
79,5,1068.0385,35.7412,122.5834,195.1834,1,-1,-1,-1
80,5,1068.9119,35.8848,121.8717,195.6926,1,-1,-1,-1
81,5,1066.467,35.9402,123.7236,195.0966,1,-1,-1,-1
82,5,1066.9526,36.7441,124.0268,195.1163,1,-1,-1,-1
83,5,1067.3627,36.4259,122.5643,194.7043,1,-1,-1,-1
84,5,1066.6763,37.1805,123.6273,194.3133,1,-1,-1,-1
85,5,1068.7599,37.5884,121.1565,192.9674,1,-1,-1,-1
86,5,1066.072,37.1855,124.8151,193.5392,1,-1,-1,-1
87,5,1066.4957,37.0489,124.224,193.4612,1,-1,-1,-1
88,5,1068.7137,36.7509,122.0451,193.614,1,-1,-1,-1
89,5,1069.2292,35.2571,121.2669,195.2764,1,-1,-1,-1
90,5,1070.0524,35.515,120.6299,195.4782,1,-1,-1,-1
91,5,1069.7778,34.7082,120.8848,195.7168,1,-1,-1,-1
92,5,1070.6812,34.0952,119.6223,196.4035,1,-1,-1,-1
93,5,1069.6788,33.1043,120.8651,197.7035,1,-1,-1,-1
94,5,1069.676,32.6012,121.1865,198.6504,1,-1,-1,-1
95,5,1069.8893,32.0213,121.7191,198.9995,1,-1,-1,-1
96,5,1069.6064,32.2478,121.795,199.1914,1,-1,-1,-1
97,5,1071.199,33.107,120.1758,197.4682,1,-1,-1,-1
98,5,1069.8724,33.2565,121.8561,197.6091,1,-1,-1,-1
99,5,1068.2628,33.3557,123.2805,197.0975,1,-1,-1,-1
100,5,1068.9943,32.8931,122.5891,197.8793,1,-1,-1,-1
101,5,1066.9534,32.8227,124.1878,198.3049,1,-1,-1,-1
102,5,1066.1691,32.6015,125.3195,198.6417,1,-1,-1,-1
103,5,1065.8717,32.3237,125.439,198.997,1,-1,-1,-1
104,5,1066.6515,31.5995,124.9101,200.0772,1,-1,-1,-1
105,5,1064.1038,32.0038,126.7484,199.9335,1,-1,-1,-1
106,5,1062.853,33.2808,128.1336,198.9122,1,-1,-1,-1
107,5,1063.6974,32.7707,127.2817,199.906,1,-1,-1,-1
108,5,1064.1613,31.4207,127.2097,200.9283,1,-1,-1,-1
109,5,1064.7775,32.7263,126.0854,199.5119,1,-1,-1,-1
110,5,1069.6846,32.272,122.0047,199.0456,1,-1,-1,-1
111,5,1067.1274,33.3974,124.9251,198.7954,1,-1,-1,-1
112,5,1066.2435,34.2347,125.4168,197.8055,1,-1,-1,-1
113,5,1068.2148,34.5636,123.5523,196.8323,1,-1,-1,-1
114,5,1065.3207,34.3411,126.2046,197.3276,1,-1,-1,-1
115,5,1062.4728,35.6627,128.8401,196.1458,1,-1,-1,-1
116,5,1061.9384,35.151,129.6915,196.9364,1,-1,-1,-1
117,5,1061.6935,35.0323,129.8496,196.9819,1,-1,-1,-1
118,5,1061.0103,35.7417,130.6394,196.8418,1,-1,-1,-1
119,5,1062.6721,35.7804,129.0286,196.9993,1,-1,-1,-1
120,5,1062.1766,35.1738,129.3637,197.6109,1,-1,-1,-1
121,5,1059.3779,38.1431,132.7476,196.1377,1,-1,-1,-1
122,5,1052.4091,36.9384,147.4691,196.6034,1,-1,-1,-1
123,5,1058.6523,38.6862,132.9788,194.9452,1,-1,-1,-1
124,5,1050.3964,42.3791,147.5449,186.7207,1,-1,-1,-1
125,5,1058.3358,39.1085,133.4464,194.6062,1,-1,-1,-1
126,5,1057.536,39.6555,133.8136,194.4648,1,-1,-1,-1
127,5,1057.0795,40.4806,133.7274,193.0696,1,-1,-1,-1
128,5,1057.3242,40.4433,133.3202,193.3031,1,-1,-1,-1
129,5,1051.3419,38.1003,148.3412,195.5376,1,-1,-1,-1
130,5,1051.2651,38.9343,147.6484,194.476,1,-1,-1,-1
131,5,1050.4204,38.0828,149.2205,195.2238,1,-1,-1,-1
132,5,1056.2126,39.6998,134.9239,193.2422,1,-1,-1,-1
133,5,1058.7488,39.4471,132.8609,193.0503,1,-1,-1,-1
134,5,1059.2592,38.2976,132.129,193.7873,1,-1,-1,-1
135,5,1059.5863,37.9708,131.8628,194.5052,1,-1,-1,-1
136,5,1059.4446,38.7459,131.6654,193.1921,1,-1,-1,-1
137,5,1058.2661,38.4821,132.7846,193.7629,1,-1,-1,-1
138,5,1058.5951,38.1019,132.587,193.9562,1,-1,-1,-1
139,5,1060.5734,37.5245,130.5872,194.7908,1,-1,-1,-1
140,5,1064.1165,37.3879,126.9355,194.6769,1,-1,-1,-1
141,5,1065.4559,37.1212,125.1613,194.2667,1,-1,-1,-1
142,5,1066.9327,36.9469,124.2148,194.1923,1,-1,-1,-1
143,5,1068.5129,36.3795,123.2504,194.7026,1,-1,-1,-1
144,5,1070.4855,36.2466,120.4271,195.2709,1,-1,-1,-1
145,5,1064.4805,35.6925,126.5175,195.8718,1,-1,-1,-1
146,5,1065.7122,34.9861,125.2596,196.5355,1,-1,-1,-1
147,5,1068.8376,34.8397,121.2433,196.5164,1,-1,-1,-1
148,5,1069.6896,34.2917,120.6788,198.0205,1,-1,-1,-1
149,5,1066.2869,34.7083,122.8193,197.6239,1,-1,-1,-1
150,5,1067.4365,34.6716,121.1663,196.8511,1,-1,-1,-1
151,5,1068.7749,34.9579,120.4359,197.7965,1,-1,-1,-1
152,5,1070.6953,34.9531,118.073,197.5155,1,-1,-1,-1
153,5,1064.5411,35.6186,123.9185,197.486,1,-1,-1,-1
154,5,1064.2352,36.2004,123.8011,196.8269,1,-1,-1,-1
155,5,1062.4458,36.1683,126.5901,197.2143,1,-1,-1,-1
156,5,1061.781,36.5712,126.4957,197.5441,1,-1,-1,-1
157,5,1062.791,36.3557,125.3344,198.0763,1,-1,-1,-1
158,5,1062.0022,36.6275,125.5721,197.5339,1,-1,-1,-1
159,5,1066.1992,36.1496,120.9876,197.6554,1,-1,-1,-1
160,5,1074.6936,34.8541,112.2661,197.3817,1,-1,-1,-1
161,5,1081.1884,35.8319,107.1838,195.4019,1,-1,-1,-1
162,5,1083.9313,35.3952,105.9364,195.7246,1,-1,-1,-1
163,5,1085.4824,36.0345,106.0305,193.9414,1,-1,-1,-1
164,5,1088.6614,35.7868,103.1085,195.0582,1,-1,-1,-1
165,5,1087.7776,34.4658,104.5063,196.3098,1,-1,-1,-1
166,5,1089.2296,34.2154,103.7255,196.3732,1,-1,-1,-1
167,5,1090.2761,32.4353,105.8189,197.2009,1,-1,-1,-1
168,5,1089.8724,35.1082,100.5443,195.3161,1,-1,-1,-1
169,5,1091.0256,34.7598,99.112,196.9633,1,-1,-1,-1
170,5,1092.454,35.6769,96.8657,195.9862,1,-1,-1,-1
171,5,1093.2731,36.2509,95.674,196.0108,1,-1,-1,-1
172,5,1091.8247,36.7999,96.2825,195.2097,1,-1,-1,-1
173,5,1099.4382,39.8937,90.8426,190.8785,1,-1,-1,-1
174,5,1100.7949,41.0085,89.3032,189.2736,1,-1,-1,-1
175,5,1093.9241,36.2984,95.5118,195.1309,1,-1,-1,-1
176,5,1094.9182,37.0029,93.4235,195.9222,1,-1,-1,-1
177,5,1096.2863,36.2271,93.1586,193.7015,1,-1,-1,-1
178,5,1095.0856,36.9746,94.4178,194.1122,1,-1,-1,-1
179,5,1097.6561,37.5741,92.27,193.2099,1,-1,-1,-1
180,5,1098.9879,37.7572,92.0659,192.3626,1,-1,-1,-1
181,5,1103.6556,40.3736,89.5375,190.3733,1,-1,-1,-1
182,5,1104.0433,40.2997,90.1139,190.7241,1,-1,-1,-1
183,5,1104.8362,38.7891,89.1175,191.6757,1,-1,-1,-1
184,5,1105.3254,38.9686,89.8547,191.8658,1,-1,-1,-1
185,5,1107.0123,38.6379,89.8677,192.3669,1,-1,-1,-1
186,5,1107.6558,37.8624,91.3079,193.1294,1,-1,-1,-1
187,5,1108.9313,37.5141,91.5984,194.536,1,-1,-1,-1
188,5,1107.4286,37.4826,94.296,194.034,1,-1,-1,-1
189,5,1109.2483,39.8718,94.6632,192.6597,1,-1,-1,-1
190,5,1109.7284,39.7297,93.1124,192.6107,1,-1,-1,-1
191,5,1110.0004,41.4067,93.9413,190.806,1,-1,-1,-1
192,5,1118.6095,41.4837,83.2638,188.9587,1,-1,-1,-1
193,5,1119.0519,42.5121,83.1089,187.7022,1,-1,-1,-1
194,5,1121.1689,43.2743,81.2582,187.8931,1,-1,-1,-1
195,5,1126.2094,41.5984,76.6894,190.5497,1,-1,-1,-1
196,5,1126.837,40.0101,76.43,192.3136,1,-1,-1,-1
197,5,1127.8733,41.3872,76.7091,190.8839,1,-1,-1,-1
198,5,1127.7505,41.3202,77.1488,190.2196,1,-1,-1,-1
199,5,1128.0923,41.0405,76.9265,191.1404,1,-1,-1,-1
200,5,1127.4801,41.4212,78.3934,189.7768,1,-1,-1,-1
201,5,1128.0715,40.1188,76.9108,191.476,1,-1,-1,-1
202,5,1128.0553,40.0095,76.1219,192.8521,1,-1,-1,-1
203,5,1128.0315,40.1406,76.537,193.3843,1,-1,-1,-1
204,5,1127.7601,40.4442,77.5175,193.0651,1,-1,-1,-1
205,5,1127.1814,42.3086,79.0872,188.91,1,-1,-1,-1
206,5,1126.8368,41.6401,79.4329,189.5896,1,-1,-1,-1
207,5,1125.9955,41.8202,79.9277,189.8798,1,-1,-1,-1
208,5,1125.5304,40.2175,79.6022,191.5248,1,-1,-1,-1
209,5,1124.2202,41.2785,81.6568,190.6273,1,-1,-1,-1
210,5,1123.2653,40.9308,81.4848,191.4247,1,-1,-1,-1
211,5,1121.3413,40.403,82.8482,193.0921,1,-1,-1,-1
212,5,1110.7568,41.0155,92.6873,196.1549,1,-1,-1,-1
213,5,1109.2834,40.0807,93.2901,197.569,1,-1,-1,-1
214,5,1105.2778,40.9478,94.9546,196.4316,1,-1,-1,-1
215,5,1104.4139,41.9281,95.0577,195.9698,1,-1,-1,-1
216,5,1100.9893,42.1445,97.2163,196.041,1,-1,-1,-1
217,5,1099.9889,40.1058,94.2434,196.6339,1,-1,-1,-1
218,5,1101.4862,39.6033,92.7383,196.6078,1,-1,-1,-1
219,5,1099.7369,40.6093,92.4692,196.249,1,-1,-1,-1
220,5,1097.6056,38.4437,93.6356,200.3236,1,-1,-1,-1
221,5,1095.5874,38.3236,93.6857,201.8469,1,-1,-1,-1
222,5,1097.9338,43.1872,84.3653,192.9566,1,-1,-1,-1
223,5,1089.4833,39.7515,94.5792,199.4125,1,-1,-1,-1
224,5,1093.7054,45.1515,86.1818,192.5938,1,-1,-1,-1
225,5,1091.9501,43.1054,81.4925,193.2714,1,-1,-1,-1
226,5,1091.326,42.029,81.0073,194.6536,1,-1,-1,-1
227,5,1090.7327,41.0564,79.5096,196.7494,1,-1,-1,-1
228,5,1090.3783,41.4018,78.3893,197.7633,1,-1,-1,-1
229,5,1090.1731,42.9652,77.762,199.0289,1,-1,-1,-1
230,5,1090.0277,43.5372,77.9315,198.5119,1,-1,-1,-1
231,5,1089.173,45.0098,77.8873,196.4354,1,-1,-1,-1
232,5,1088.9972,45.5994,78.1427,195.3394,1,-1,-1,-1
233,5,1088.5089,44.3384,77.688,194.9293,1,-1,-1,-1
234,5,1088.3198,43.1153,78.1414,194.6096,1,-1,-1,-1
235,5,1087.9456,44.2263,77.6208,197.0774,1,-1,-1,-1
236,5,1087.1755,44.5527,78.5733,195.8459,1,-1,-1,-1
237,5,1085.9487,45.655,79.4817,194.0535,1,-1,-1,-1
238,5,1083.4073,43.7757,79.5976,197.079,1,-1,-1,-1
239,5,1083.3655,43.4338,75.2285,197.9548,1,-1,-1,-1
240,5,1082.417,43.0708,77.0416,197.8958,1,-1,-1,-1
241,5,1081.9666,42.8592,77.2288,195.5102,1,-1,-1,-1
242,5,1081.4481,43.6932,77.0807,195.5707,1,-1,-1,-1
243,5,1080.1743,44.337,78.6992,192.9996,1,-1,-1,-1
244,5,1079.6693,45.7065,78.8694,190.634,1,-1,-1,-1
245,5,1079.1355,45.5868,78.9069,191.15,1,-1,-1,-1
246,5,1075.9017,41.3602,79.5296,200.2025,1,-1,-1,-1
247,5,1073.0348,43.9467,85.0736,195.915,1,-1,-1,-1
248,5,1072.3721,42.3545,84.9626,197.7542,1,-1,-1,-1
249,5,1072.9192,44.2054,85.5858,195.3952,1,-1,-1,-1
250,5,1070.7168,43.3947,86.4891,196.5587,1,-1,-1,-1
251,5,1069.4994,43.9129,86.6079,196.6608,1,-1,-1,-1
252,5,1068.2135,42.0917,86.6969,198.3239,1,-1,-1,-1
253,5,1069.3732,47.6246,80.9149,190.9264,1,-1,-1,-1
254,5,1069.2065,45.534,80.168,192.1397,1,-1,-1,-1
255,5,1068.7535,46.5445,80.3589,190.0932,1,-1,-1,-1
256,5,1067.9421,46.8443,80.813,189.3401,1,-1,-1,-1
257,5,1068.8981,43.974,78.3327,193.4211,1,-1,-1,-1
258,5,1064.7123,41.2017,84.6384,197.3241,1,-1,-1,-1
259,5,1067.049,49.285,79.6894,187.1919,1,-1,-1,-1
1,5,1139.4341,40.4584,85.7329,163.186,1,-1,-1,-1
2,5,1137.1536,42.863,84.1674,165.5884,1,-1,-1,-1
3,5,1132.4485,46.3301,90.9391,169.6087,1,-1,-1,-1
4,5,1132.4067,44.3662,88.9262,179.2482,1,-1,-1,-1
5,5,1130.6198,44.2109,90.0056,179.8401,1,-1,-1,-1
6,5,1129.8569,44.9445,90.5327,180.1296,1,-1,-1,-1
7,5,1128.0546,41.7317,90.507,183.6233,1,-1,-1,-1
8,5,1126.5861,42.9554,89.4191,186.7866,1,-1,-1,-1
9,5,1129.5732,43.8434,81.9932,184.3629,1,-1,-1,-1
10,5,1127.2466,39.5303,80.6518,188.0393,1,-1,-1,-1
11,5,1127.1016,37.1499,78.0246,193.5068,1,-1,-1,-1
12,5,1125.0275,35.4328,79.5815,193.9472,1,-1,-1,-1
13,4,1123.0808,177.4392,165.5067,252.96,1,-1,-1,-1
14,4,1128.3718,183.2747,159.1529,250.8783,1,-1,-1,-1
15,4,1130.6842,188.0085,156.6261,244.9765,1,-1,-1,-1
16,4,1129.3264,187.8401,167.8934,242.675,1,-1,-1,-1
17,4,1135.3195,193.7524,166.4748,230.9765,1,-1,-1,-1
18,4,1137.4066,197.7018,165.5468,226.7956,1,-1,-1,-1
19,4,1138.7091,199.5124,166.3613,225.9262,1,-1,-1,-1
20,4,1139.757,204.6478,168.7999,222.4003,1,-1,-1,-1
21,4,1139.825,207.6363,167.3819,220.104,1,-1,-1,-1
22,4,1141.6749,213.7546,164.6797,215.1281,1,-1,-1,-1
23,4,1142.3395,218.6047,164.7624,211.9902,1,-1,-1,-1
24,4,1143.5338,221.6686,162.0215,208.9642,1,-1,-1,-1
25,4,1143.0958,225.2747,161.9835,205.5773,1,-1,-1,-1
26,4,1143.4617,227.7275,161.4812,203.716,1,-1,-1,-1
27,4,1143.4073,229.7787,161.1275,201.5804,1,-1,-1,-1
28,4,1143.8114,230.6096,158.7783,201.2921,1,-1,-1,-1
29,4,1144.4285,231.9634,156.2874,199.3525,1,-1,-1,-1
30,4,1144.7737,234.5024,154.5003,195.7832,1,-1,-1,-1
31,4,1142.2181,236.3861,156.9377,191.7264,1,-1,-1,-1
32,4,1142.5739,237.6369,154.5913,190.8496,1,-1,-1,-1
33,4,1142.0767,239.819,153.5874,189.9941,1,-1,-1,-1
34,4,1140.903,240.3726,151.9873,190.6145,1,-1,-1,-1
35,4,1140.1934,241.2488,151.6641,190.7649,1,-1,-1,-1
36,4,1139.5449,241.9383,150.9481,190.5187,1,-1,-1,-1
37,4,1138.5809,243.3198,150.1314,186.9086,1,-1,-1,-1
38,4,1138.1133,243.825,148.6632,186.3368,1,-1,-1,-1
39,4,1140.0819,243.8578,145.9174,187.973,1,-1,-1,-1
40,4,1139.8969,243.811,145.215,187.9159,1,-1,-1,-1
41,4,1140.2206,243.5078,144.9049,188.4935,1,-1,-1,-1
42,4,1732.1158,62.2448,76.4323,79.2115,1,-1,-1,-1
43,4,1139.8528,244.3263,144.8721,188.6808,1,-1,-1,-1
44,4,1139.6096,244.5749,144.8618,187.7025,1,-1,-1,-1
45,4,1139.5612,245.1032,144.7718,187.6502,1,-1,-1,-1
46,4,1137.1503,246.3744,145.1396,185.9376,1,-1,-1,-1
47,4,1137.0045,246.3158,145.2107,186.1334,1,-1,-1,-1
48,4,1137.3324,246.9173,146.0288,185.7006,1,-1,-1,-1
49,4,1133.55,241.7635,147.5473,190.6519,1,-1,-1,-1
50,4,1137.0564,245.6159,148.4683,186.7463,1,-1,-1,-1
51,4,1132.8212,242.4633,148.025,190.085,1,-1,-1,-1
52,4,1136.6981,246.0461,148.5698,186.2024,1,-1,-1,-1
53,4,1134.4288,247.7633,148.8218,184.6809,1,-1,-1,-1
54,4,1135.5267,246.6396,150.9883,185.1239,1,-1,-1,-1
55,4,1133.6049,247.9503,151.0086,185.6174,1,-1,-1,-1
56,4,1133.5802,247.8377,151.4413,186.1631,1,-1,-1,-1
57,4,1135.5618,246.7231,150.3684,185.637,1,-1,-1,-1
58,4,1135.9307,246.7712,150.4268,185.5514,1,-1,-1,-1
59,4,1136.3628,246.5562,150.3032,186.2089,1,-1,-1,-1
60,4,1136.1841,246.7899,150.5777,185.5755,1,-1,-1,-1
61,4,1136.4042,247.1647,150.5906,186.7616,1,-1,-1,-1
62,4,1136.655,247.3716,150.3776,186.6418,1,-1,-1,-1
63,4,1136.7568,247.612,150.2596,186.1057,1,-1,-1,-1
64,4,1731.5151,57.0371,70.8647,86.2217,1,-1,-1,-1
65,4,1136.0164,247.0845,151.2749,186.6737,1,-1,-1,-1
66,4,1135.9457,247.1989,151.2749,186.68,1,-1,-1,-1
67,4,1135.5706,246.7643,151.9295,188.0594,1,-1,-1,-1
68,4,1135.4235,247.3838,152.233,187.0479,1,-1,-1,-1
69,4,1135.3152,247.2809,152.5948,187.2625,1,-1,-1,-1
70,4,1135.0907,247.0835,152.8141,187.068,1,-1,-1,-1
71,4,1134.4143,246.8278,153.2538,186.5066,1,-1,-1,-1
72,4,1134.62,246.5213,153.2169,187.5974,1,-1,-1,-1
73,4,1132.9943,246.2065,154.5163,187.6343,1,-1,-1,-1
74,4,1132.7587,245.6922,154.3233,188.3308,1,-1,-1,-1
75,4,1132.0558,245.4031,154.9056,188.3886,1,-1,-1,-1
76,4,1132.0432,245.9061,155.0704,187.1057,1,-1,-1,-1
77,4,1132.3464,246.0705,154.364,187.0833,1,-1,-1,-1
78,4,1132.64,245.7876,154.1825,187.3243,1,-1,-1,-1
79,4,1132.3517,246.3937,154.1478,186.7726,1,-1,-1,-1
80,4,1132.3423,246.1493,153.7607,186.6542,1,-1,-1,-1
81,4,1132.1426,246.2984,152.3404,186.1262,1,-1,-1,-1
82,4,1132.0027,246.6168,151.9581,184.9447,1,-1,-1,-1
83,4,1131.4008,246.7113,153.153,185.4177,1,-1,-1,-1
84,4,1131.1471,246.5008,153.9545,185.7031,1,-1,-1,-1
85,4,1131.2572,247.0212,152.3735,185.992,1,-1,-1,-1
86,4,1130.8959,246.962,152.8976,185.7863,1,-1,-1,-1
87,4,1131.0762,246.8082,152.4493,186.2135,1,-1,-1,-1
88,4,1130.9164,247.2102,152.607,185.8471,1,-1,-1,-1
89,4,1131.4424,246.6536,152.2076,186.9051,1,-1,-1,-1
90,4,1131.2117,246.8205,152.6352,186.6253,1,-1,-1,-1
91,4,1132.4016,246.6198,151.9406,185.5172,1,-1,-1,-1
92,4,1132.3295,246.6138,152.2633,186.1889,1,-1,-1,-1
93,4,1132.8495,246.8253,151.8263,186.1544,1,-1,-1,-1
94,4,1132.5879,246.7851,152.1428,186.31,1,-1,-1,-1
95,4,1132.4301,246.6184,152.7662,186.44,1,-1,-1,-1
96,4,1132.2456,246.7661,153.287,186.3083,1,-1,-1,-1
97,4,1133.1844,247.1974,152.0147,185.8456,1,-1,-1,-1
98,4,1133.5946,247.3071,152.2571,185.4657,1,-1,-1,-1
99,4,1133.7681,247.3525,152.151,184.9628,1,-1,-1,-1
100,4,1134.2593,247.4974,152.0235,184.4984,1,-1,-1,-1
101,4,1134.8953,247.3223,151.5175,184.7662,1,-1,-1,-1
102,4,1135.4551,247.6086,151.4409,185.8203,1,-1,-1,-1
103,4,1133.6223,248.311,154.1289,184.5906,1,-1,-1,-1
104,4,1133.2781,248.5915,155.4354,184.4152,1,-1,-1,-1
105,4,1133.7157,248.6106,155.0918,185.1595,1,-1,-1,-1
106,4,1133.197,248.4847,155.7453,183.9603,1,-1,-1,-1
107,4,1133.0558,248.2697,156.9438,184.8368,1,-1,-1,-1
108,4,1133.3685,248.3519,157.0365,184.5648,1,-1,-1,-1
109,4,1133.679,248.2222,156.738,185.1191,1,-1,-1,-1
110,4,1133.8635,248.2197,156.8288,184.2305,1,-1,-1,-1
111,4,1133.927,247.9301,156.6523,185.0034,1,-1,-1,-1
112,4,1133.7478,248.0673,157.2118,184.9461,1,-1,-1,-1
113,4,1133.6912,248.2087,157.3659,184.814,1,-1,-1,-1
114,4,1133.934,247.9729,157.6075,185.4229,1,-1,-1,-1
115,4,1133.7733,248.2592,157.9613,185.3397,1,-1,-1,-1
116,4,1134.0597,248.292,157.8514,184.7701,1,-1,-1,-1
117,4,1134.4604,248.2206,156.9327,184.7615,1,-1,-1,-1
118,4,1137.4729,246.7616,151.9073,185.4297,1,-1,-1,-1
119,4,1133.869,248.24,158.8937,186.6424,1,-1,-1,-1
120,4,1134.9611,248.0528,158.4279,183.9418,1,-1,-1,-1
121,4,1134.2252,248.0949,158.315,187.4856,1,-1,-1,-1
122,4,1134.7909,248.1187,158.9856,184.8241,1,-1,-1,-1
123,4,1134.8351,247.7955,157.5986,188.043,1,-1,-1,-1
124,4,1135.328,247.7349,157.6581,188.8029,1,-1,-1,-1
125,4,1135.2133,247.5959,158.1331,189.3035,1,-1,-1,-1
126,4,1135.6323,247.5917,157.7254,188.5138,1,-1,-1,-1
127,4,1136.115,247.7635,158.7822,185.8849,1,-1,-1,-1
128,4,1136.1259,247.9529,159.2443,184.8384,1,-1,-1,-1
129,4,1136.3254,247.8278,158.8465,185.0969,1,-1,-1,-1
130,4,1135.9283,248.1781,159.4585,184.6998,1,-1,-1,-1
131,4,1136.208,247.4664,157.9511,188.5372,1,-1,-1,-1
132,4,1135.9301,247.9532,160.5065,186.2905,1,-1,-1,-1
133,4,1137.2505,247.3032,157.7629,188.7443,1,-1,-1,-1
134,4,1137.49,247.296,158.1553,189.2815,1,-1,-1,-1
135,4,1137.8018,247.3891,158.0317,189.7836,1,-1,-1,-1
136,4,1137.8788,247.1445,158.3788,188.4446,1,-1,-1,-1
137,4,1136.9086,247.7355,161.4973,185.9509,1,-1,-1,-1
138,4,1136.9663,247.9323,161.5997,185.6645,1,-1,-1,-1
139,4,1136.3307,248.1915,162.4459,186.1406,1,-1,-1,-1
140,4,1136.8142,247.917,162.1497,186.2534,1,-1,-1,-1
141,4,1136.8478,247.7142,162.6501,187.5993,1,-1,-1,-1
142,4,1136.4888,247.4863,162.9757,187.097,1,-1,-1,-1
143,4,1136.8138,247.3895,162.1647,187.7149,1,-1,-1,-1
144,4,1136.9457,247.0896,162.0803,187.3688,1,-1,-1,-1
145,4,1136.5781,247.6093,162.9422,185.8226,1,-1,-1,-1
146,4,1136.7566,247.4175,163.0615,185.5354,1,-1,-1,-1
147,4,1136.3958,247.6961,163.5075,185.57,1,-1,-1,-1
148,4,1138.0714,246.7343,159.8682,188.4198,1,-1,-1,-1
149,4,1136.3959,247.6526,163.3384,186.4563,1,-1,-1,-1
150,4,1136.3522,247.3056,163.1152,186.0674,1,-1,-1,-1
151,4,1136.8647,246.8201,162.5058,185.863,1,-1,-1,-1
152,4,1137.0714,247.0749,162.418,186.0653,1,-1,-1,-1
153,4,1136.5653,246.8196,162.7887,186.1438,1,-1,-1,-1
154,4,1137.2817,247.0941,162.1049,185.3885,1,-1,-1,-1
155,4,1137.3812,246.7268,162.1779,185.1336,1,-1,-1,-1
156,4,1137.187,247.1636,162.6312,186.2595,1,-1,-1,-1
157,4,1137.1449,247.2672,162.0172,185.4523,1,-1,-1,-1
158,4,1138.5983,246.5364,158.1699,186.9334,1,-1,-1,-1
159,4,1138.4828,246.8872,158.0769,186.711,1,-1,-1,-1
160,4,1138.7896,246.7307,158.1915,186.8871,1,-1,-1,-1
161,4,1138.9618,246.5829,158.0969,187.03,1,-1,-1,-1
162,4,1139.4142,246.7715,157.869,186.7104,1,-1,-1,-1
163,4,1138.1206,247.5192,161.2484,184.7621,1,-1,-1,-1
164,4,1137.9863,247.154,161.4041,185.2477,1,-1,-1,-1
165,4,1138.1815,246.8698,161.0684,184.8239,1,-1,-1,-1
166,4,1137.8445,246.6281,161.4913,185.7886,1,-1,-1,-1
167,4,1138.1562,246.5797,161.1578,186.9496,1,-1,-1,-1
168,4,1138.8507,246.5479,160.9555,186.9456,1,-1,-1,-1
169,4,1137.2461,246.9023,162.0593,185.4517,1,-1,-1,-1
170,4,1137.9155,246.7391,161.5044,184.6295,1,-1,-1,-1
171,4,1137.6262,246.8264,161.9987,184.3982,1,-1,-1,-1
172,4,1138.4176,246.9608,161.2026,184.0597,1,-1,-1,-1
173,4,1138.3937,246.6698,161.0248,184.3942,1,-1,-1,-1
174,4,1138.0431,246.3409,161.0532,185.1018,1,-1,-1,-1
175,4,1137.9954,246.2114,160.3332,184.5587,1,-1,-1,-1
176,4,1139.2068,245.7737,156.7505,186.6973,1,-1,-1,-1
177,4,1137.6714,246.5311,160.4007,184.5746,1,-1,-1,-1
178,4,1138.0638,246.8915,158.6314,183.5362,1,-1,-1,-1
179,4,1137.9614,247.603,157.5863,182.9956,1,-1,-1,-1
180,4,1138.0005,247.4393,156.6595,183.3066,1,-1,-1,-1
181,4,1137.5797,247.1451,156.7616,184.7638,1,-1,-1,-1
182,4,1137.6793,247.0443,156.3693,184.3604,1,-1,-1,-1
183,4,1137.8198,247.3606,155.7444,183.9628,1,-1,-1,-1
184,4,1138.6735,244.8325,151.2692,185.6699,1,-1,-1,-1
185,4,1139.5731,243.9945,149.3145,187.1651,1,-1,-1,-1
186,4,1138.6942,244.4991,149.4679,186.6499,1,-1,-1,-1
187,4,1138.5516,245.0855,148.231,186.9786,1,-1,-1,-1
188,4,1136.2627,248.1494,150.4951,185.2263,1,-1,-1,-1
189,4,1135.6606,247.7233,152.4941,185.1139,1,-1,-1,-1
190,4,1136.7808,246.7376,150.557,185.5159,1,-1,-1,-1
191,4,1136.9139,246.7475,149.4961,185.2918,1,-1,-1,-1
192,4,1136.6079,246.8436,149.1455,185.478,1,-1,-1,-1
193,4,1136.8031,246.7687,148.9828,185.3176,1,-1,-1,-1
194,4,1136.5417,246.6607,148.8066,185.664,1,-1,-1,-1
195,4,1137.1968,246.7755,147.7276,185.2779,1,-1,-1,-1
196,4,1137.1692,246.8974,147.7286,184.8571,1,-1,-1,-1
197,4,1134.7921,248.2988,145.6332,183.9446,1,-1,-1,-1
198,4,1134.7827,245.4071,146.2567,187.8023,1,-1,-1,-1
199,4,1134.8723,245.3388,145.9589,187.9997,1,-1,-1,-1
200,4,1134.8239,245.6456,145.8399,187.8658,1,-1,-1,-1
201,4,1137.6454,246.7654,146.7363,184.625,1,-1,-1,-1
202,4,1134.533,245.5179,146.1395,188.1711,1,-1,-1,-1
203,4,1134.88,248.2646,143.3762,184.2443,1,-1,-1,-1
204,4,1134.7375,245.7289,145.4998,188.7041,1,-1,-1,-1
205,4,1134.9067,245.7366,145.4922,188.1582,1,-1,-1,-1
206,4,1134.7196,245.9239,145.8396,187.8721,1,-1,-1,-1
207,4,1134.5964,245.945,145.778,187.9869,1,-1,-1,-1
208,4,1134.9805,246.0297,145.563,188.7234,1,-1,-1,-1
209,4,1136.1747,248.6995,140.677,184.9779,1,-1,-1,-1
210,4,1135.6515,245.9894,144.2001,187.9816,1,-1,-1,-1
211,4,1136.1692,245.9907,143.4637,187.0116,1,-1,-1,-1
212,4,1135.8022,245.9411,143.8208,186.5924,1,-1,-1,-1
213,4,1135.9812,249.116,143.4226,182.9394,1,-1,-1,-1
214,4,1134.9478,246.2315,145.1748,185.7933,1,-1,-1,-1
215,4,1136.504,249.1384,140.3887,182.0772,1,-1,-1,-1
216,4,1134.5518,246.0887,146.1081,185.7342,1,-1,-1,-1
217,4,1135.0908,248.2577,144.5303,185.4987,1,-1,-1,-1
218,4,1137.276,247.7729,145.2523,182.9466,1,-1,-1,-1
219,4,1137.8018,247.4209,145.3286,183.6666,1,-1,-1,-1
220,4,1137.3044,247.3344,146.2041,183.488,1,-1,-1,-1
221,4,1135.9731,249.1564,141.5634,182.3391,1,-1,-1,-1
222,4,1136.0286,249.3344,141.916,182.5396,1,-1,-1,-1
223,4,1136.1858,248.858,142.3016,182.8131,1,-1,-1,-1
224,4,1136.1591,248.506,143.2674,182.7828,1,-1,-1,-1
225,4,1135.943,248.4945,143.5317,183.0561,1,-1,-1,-1
226,4,1135.8446,248.3366,143.6548,182.6516,1,-1,-1,-1
227,4,1136.0389,248.5782,143.4092,182.4498,1,-1,-1,-1
228,4,1136.4677,248.2081,143.3128,182.0359,1,-1,-1,-1
229,4,1138.3442,246.2405,146.0996,184.5882,1,-1,-1,-1
230,4,1138.8726,246.2745,145.3707,184.5405,1,-1,-1,-1
231,4,1138.1371,246.2542,146.2485,184.2046,1,-1,-1,-1
232,4,1138.3333,246.3499,145.9324,184.674,1,-1,-1,-1
233,4,1138.1771,246.5225,146.0387,184.348,1,-1,-1,-1
234,4,1138.5276,246.0255,145.8398,184.7339,1,-1,-1,-1
235,4,1138.6759,245.5809,145.697,185.0286,1,-1,-1,-1
236,4,1138.6924,245.7993,145.5925,185.1588,1,-1,-1,-1
237,4,1136.2711,247.5331,143.3157,183.9346,1,-1,-1,-1
238,4,1138.8541,245.9164,145.2725,185.1979,1,-1,-1,-1
239,4,1136.2805,247.9007,142.267,184.4354,1,-1,-1,-1
240,4,1136.45,247.8704,142.2325,184.4684,1,-1,-1,-1
241,4,1136.777,245.4736,148.0227,185.4187,1,-1,-1,-1
242,4,1135.618,244.6175,144.8278,185.6184,1,-1,-1,-1
243,4,1134.441,246.4504,145.6103,185.358,1,-1,-1,-1
244,4,1135.127,247.2297,142.1135,183.6331,1,-1,-1,-1
245,4,1134.4995,245.3152,145.5733,186.1348,1,-1,-1,-1
246,4,1134.223,245.1449,145.4361,186.779,1,-1,-1,-1
247,4,1134.4236,245.5183,145.2012,185.2506,1,-1,-1,-1
248,4,1134.1556,245.3246,145.4895,185.6356,1,-1,-1,-1
249,4,1137.0275,245.9067,146.2918,184.8054,1,-1,-1,-1
250,4,1136.1447,246.5262,147.046,184.7285,1,-1,-1,-1
251,4,1136.2743,246.4512,147.5692,184.2584,1,-1,-1,-1
252,4,1136.5438,246.4135,147.2621,184.2215,1,-1,-1,-1
253,4,1135.2261,245.1237,143.7149,188.811,1,-1,-1,-1
254,4,1133.545,245.286,146.4185,185.8008,1,-1,-1,-1
255,4,1133.7092,245.31,146.198,186.0213,1,-1,-1,-1
256,4,1136.2388,246.1262,146.9603,184.9044,1,-1,-1,-1
257,4,1134.9413,245.3408,144.6074,189.0084,1,-1,-1,-1
258,4,1133.2428,245.5369,146.676,186.0143,1,-1,-1,-1
259,4,1132.994,245.5248,146.9213,186.0751,1,-1,-1,-1
1,6,1734.583,63.0755,71.3594,76.2424,1,-1,-1,-1
2,6,1734.165,61.5576,72.5979,81.0691,1,-1,-1,-1
3,6,1734.8297,61.8767,73.1207,80.8275,1,-1,-1,-1
4,6,1735.0315,62.2618,73.7519,80.6009,1,-1,-1,-1
5,6,1736.5077,63.5436,72.0605,77.2868,1,-1,-1,-1
6,6,1736.7515,62.234,72.3556,79.4469,1,-1,-1,-1
7,6,1736.0325,62.1222,73.0958,79.3578,1,-1,-1,-1
8,6,1735.6135,62.3092,73.815,78.6156,1,-1,-1,-1
9,6,1735.309,62.1098,75.0682,78.9576,1,-1,-1,-1
10,6,1735.0433,62.0134,74.367,79.2792,1,-1,-1,-1
11,6,1735.3386,62.2157,74.365,79.4579,1,-1,-1,-1
12,6,1736.7335,64.2596,70.7798,75.6094,1,-1,-1,-1
13,6,1734.4584,63.2508,74.9426,78.6354,1,-1,-1,-1
14,6,1734.6874,63.5665,75.005,78.5066,1,-1,-1,-1
15,6,1734.9297,63.7033,74.4961,78.6198,1,-1,-1,-1
16,6,1735.5093,63.4054,74.5378,78.1814,1,-1,-1,-1
17,6,1737.4335,63.337,69.234,77.7141,1,-1,-1,-1
18,6,1737.6108,65.3194,70.1048,74.6909,1,-1,-1,-1
19,6,1736.1526,64.3165,74.5262,77.5068,1,-1,-1,-1
20,6,1736.9343,65.4349,70.042,74.2444,1,-1,-1,-1
21,6,1734.8099,65.0743,76.3877,76.9379,1,-1,-1,-1
22,6,1735.3376,65.125,76.5177,77.0735,1,-1,-1,-1
23,6,1735.3533,65.3282,76.0757,77.7751,1,-1,-1,-1
24,6,1736.1031,65.3238,75.1083,78.0837,1,-1,-1,-1
25,6,1734.9415,65.1643,73.5283,77.289,1,-1,-1,-1
26,6,1734.6625,65.02,77.7136,78.5032,1,-1,-1,-1
27,6,1734.1893,65.1214,77.9247,78.3966,1,-1,-1,-1
28,6,1733.812,65.1836,78.2932,78.7044,1,-1,-1,-1
29,6,1733.8979,65.62,77.8853,78.3304,1,-1,-1,-1
30,6,1733.3912,65.0429,76.8272,78.182,1,-1,-1,-1
31,6,1735.1885,65.7401,71.8369,76.0071,1,-1,-1,-1
32,6,1735.9833,65.6143,72.2782,75.8806,1,-1,-1,-1
33,6,1733.6233,64.8548,77.8245,78.8272,1,-1,-1,-1
34,6,1732.9484,64.2117,78.6486,79.6631,1,-1,-1,-1
35,6,1734.556,64.3674,76.9721,78.7106,1,-1,-1,-1
36,6,1734.0864,63.7322,76.47,79.6924,1,-1,-1,-1
37,6,1733.9797,63.23,76.1816,80.2694,1,-1,-1,-1
38,6,1734.6602,63.4163,75.3002,80.0936,1,-1,-1,-1
39,6,1733.8796,63.0628,76.1394,80.416,1,-1,-1,-1
40,6,1736.9041,63.5378,68.4318,76.5327,1,-1,-1,-1
41,6,1732.4917,62.1587,75.9171,79.6871,1,-1,-1,-1
43,6,1732.3596,62.4731,74.9368,77.9301,1,-1,-1,-1
44,6,1732.0968,63.1056,72.8198,77.5222,1,-1,-1,-1
45,6,1732.9956,61.7234,72.4115,79.0685,1,-1,-1,-1
46,6,1734.2133,64.0171,70.1229,77.1647,1,-1,-1,-1
47,6,1734.4369,60.556,70.1932,80.3079,1,-1,-1,-1
48,6,1736.8103,62.0075,67.4329,79.6451,1,-1,-1,-1
49,6,1733.6851,60.7365,70.7481,81.0592,1,-1,-1,-1
50,6,1734.7317,60.6907,68.1981,78.0277,1,-1,-1,-1
51,6,1733.5094,59.737,71.7111,82.8101,1,-1,-1,-1
52,6,1732.6497,59.5376,72.795,83.7142,1,-1,-1,-1
53,6,1735.9969,59.8561,68.0591,78.4154,1,-1,-1,-1
54,6,1734.551,59.4257,69.1221,78.759,1,-1,-1,-1
55,6,1733.2871,59.4611,70.2697,78.8908,1,-1,-1,-1
56,6,1732.7118,58.3364,71.9681,84.2062,1,-1,-1,-1
57,6,1732.6051,57.7438,70.9022,83.5242,1,-1,-1,-1
58,6,1727.8562,59.6574,78.4399,79.9427,1,-1,-1,-1
59,6,1727.1582,57.7938,77.4887,84.7989,1,-1,-1,-1
60,6,1727.2375,57.5219,77.2801,84.4321,1,-1,-1,-1
61,6,1729.2384,58.1024,73.905,83.4318,1,-1,-1,-1
62,6,1729.3225,57.8808,73.0908,83.7624,1,-1,-1,-1
63,6,1730.328,57.626,72.3608,84.8744,1,-1,-1,-1
65,6,1733.9786,57.103,68.8796,86.8746,1,-1,-1,-1
66,6,1735.4698,57.1127,67.634,86.5079,1,-1,-1,-1
67,6,1736.7664,57.1381,66.8797,85.7954,1,-1,-1,-1
68,6,1736.9912,57.0388,66.8787,85.8946,1,-1,-1,-1
69,6,1736.1743,56.8268,67.5202,85.9677,1,-1,-1,-1
70,6,1739.9374,57.665,59.5165,84.8383,1,-1,-1,-1
71,6,1734.802,56.2954,68.9741,87.4108,1,-1,-1,-1
72,6,1734.8442,56.018,68.5329,88.0075,1,-1,-1,-1
73,6,1735.911,55.6978,65.0346,86.5843,1,-1,-1,-1
74,6,1733.1931,56.064,69.9481,87.1223,1,-1,-1,-1
75,6,1731.2502,55.492,71.383,87.6835,1,-1,-1,-1
76,6,1728.7612,55.6315,72.8999,87.0304,1,-1,-1,-1
77,6,1726.5468,55.5605,74.1444,87.0529,1,-1,-1,-1
78,6,1726.3656,54.9258,74.9434,88.1625,1,-1,-1,-1
79,6,1725.6433,55.1982,75.8717,87.9769,1,-1,-1,-1
80,6,1725.9694,55.3997,74.9961,87.4718,1,-1,-1,-1
81,6,1726.2546,55.403,75.818,87.8061,1,-1,-1,-1
82,6,1725.7054,55.6866,76.1232,87.4217,1,-1,-1,-1
83,6,1727.33,55.7596,75.8232,88.4227,1,-1,-1,-1
84,6,1728.6591,55.8907,74.7479,88.0038,1,-1,-1,-1
85,6,1732.3695,55.8233,70.9265,87.3522,1,-1,-1,-1
86,6,1735.2224,56.0202,69.0846,87.3553,1,-1,-1,-1
87,6,1736.827,55.5062,64.6538,86.3519,1,-1,-1,-1
88,6,1734.4875,55.7591,70.1768,85.0332,1,-1,-1,-1
89,6,1737.5621,55.0026,68.755,87.136,1,-1,-1,-1
90,6,1738.443,55.3874,68.1495,86.6807,1,-1,-1,-1
91,6,1740.2759,55.8169,63.8199,85.5304,1,-1,-1,-1
92,6,1739.094,55.4858,68.735,86.8507,1,-1,-1,-1
93,6,1741.9648,55.803,63.3976,87.4826,1,-1,-1,-1
94,6,1742.3401,55.3718,63.808,88.0135,1,-1,-1,-1
95,6,1713.4207,74.3537,38.2497,50.6115,1,-1,-1,-1
96,6,1744.6224,56.7362,63.6562,85.9385,1,-1,-1,-1
99,6,1740.5515,57.2519,73.9714,84.9119,1,-1,-1,-1
100,6,1745.151,57.987,74.7914,84.5465,1,-1,-1,-1
102,6,1747.9446,58.2518,77.2833,84.7574,1,-1,-1,-1
103,6,1746.9128,57.8106,80.5569,85.8941,1,-1,-1,-1
104,6,1747.5768,57.9621,83.3816,84.8729,1,-1,-1,-1
105,6,1755.173,57.8513,78.6881,86.1867,1,-1,-1,-1
106,6,1754.7637,59.2782,80.6067,83.4601,1,-1,-1,-1
107,6,1759.7411,60.6421,79.3833,82.2277,1,-1,-1,-1
108,6,1762.7549,60.5159,75.217,80.8192,1,-1,-1,-1
109,6,1759.771,57.8884,82.0464,85.102,1,-1,-1,-1
110,6,1760.4343,58.2504,82.5581,85.0468,1,-1,-1,-1
111,6,1759.8459,58.2356,84.6827,85.1203,1,-1,-1,-1
112,6,1764.569,58.6936,81.0132,86.1818,1,-1,-1,-1
113,6,1766.0603,58.8103,80.2131,85.6791,1,-1,-1,-1
114,6,1766.9636,58.3019,79.9369,85.9344,1,-1,-1,-1
115,6,1765.5262,59.9738,80.9595,83.8105,1,-1,-1,-1
116,6,1768.109,59.6956,79.4512,84.8218,1,-1,-1,-1
117,6,1765.5865,59.7245,83.2614,84.0871,1,-1,-1,-1
118,6,1766.9551,59.8102,82.5625,84.5668,1,-1,-1,-1
119,6,1766.8218,60.0687,83.9825,85.612,1,-1,-1,-1
120,6,1766.453,59.9264,84.136,84.4648,1,-1,-1,-1
121,6,1768.3943,61.229,83.5846,82.6327,1,-1,-1,-1
122,6,1765.4536,58.8244,85.6571,86.8264,1,-1,-1,-1
123,6,1765.572,58.6217,86.2296,86.7488,1,-1,-1,-1
124,6,1765.2607,59.0032,86.4034,86.1311,1,-1,-1,-1
125,6,1764.1666,59.2152,86.2884,86.1461,1,-1,-1,-1
126,6,1764.4617,59.0962,85.5114,86.6902,1,-1,-1,-1
127,6,1765.2726,60.5814,83.8819,84.442,1,-1,-1,-1
128,6,1764.5531,59.1688,84.3208,85.7868,1,-1,-1,-1
129,6,1765.4109,59.4285,83.0725,85.7867,1,-1,-1,-1
130,6,1764.2755,59.267,83.7677,85.4737,1,-1,-1,-1
131,6,1762.9664,61.1062,83.8345,82.6727,1,-1,-1,-1
132,6,1762.5673,61.4643,84.3693,82.5076,1,-1,-1,-1
133,6,1763.2642,60.8791,85.8357,85.0317,1,-1,-1,-1
134,6,1761.917,61.7707,83.3453,83.6273,1,-1,-1,-1
135,6,1760.873,62.1787,84.0695,82.9466,1,-1,-1,-1
136,6,1755.8468,63.0998,89.8228,82.5092,1,-1,-1,-1
137,6,1755.9236,63.4018,90.7303,81.6411,1,-1,-1,-1
138,6,1754.9972,63.5188,89.4116,80.8933,1,-1,-1,-1
139,6,1754.4775,64.5201,90.2212,79.9124,1,-1,-1,-1
140,6,1755.9387,65.1667,87.0757,78.7717,1,-1,-1,-1
141,6,1759.7347,65.2063,82.7743,78.7283,1,-1,-1,-1
142,6,1763.1577,65.1695,77.9251,78.8544,1,-1,-1,-1
143,6,1761.9247,66.0525,78.1124,78.4921,1,-1,-1,-1
144,6,1761.7841,66.5925,77.4755,77.0989,1,-1,-1,-1
145,6,1765.0018,65.8793,73.2561,75.4022,1,-1,-1,-1
146,6,1766.0684,67.281,71.3446,74.8905,1,-1,-1,-1
147,6,1767.2555,66.3223,69.2983,76.0354,1,-1,-1,-1
148,6,1764.1019,67.4597,71.8773,76.172,1,-1,-1,-1
149,6,1764.9877,67.2802,70.3811,76.6933,1,-1,-1,-1
150,6,1766.8407,67.7204,67.5886,73.3254,1,-1,-1,-1
153,6,1766.0704,67.0549,68.5357,77.0353,1,-1,-1,-1
154,6,1767.3446,67.578,66.7721,74.8485,1,-1,-1,-1
155,6,1766.7308,66.7679,68.6602,77.3728,1,-1,-1,-1
156,6,1767.1752,66.5446,68.5508,78.1206,1,-1,-1,-1
157,6,1767.6049,66.1356,67.2443,75.7157,1,-1,-1,-1
158,6,1767.5018,66.1169,67.3897,75.3279,1,-1,-1,-1
159,6,1766.7662,65.613,69.8339,77.2864,1,-1,-1,-1
160,6,1766.5907,65.6738,70.3196,76.6458,1,-1,-1,-1
161,6,1766.7291,65.5362,71.3576,76.9684,1,-1,-1,-1
162,6,1765.636,65.5307,71.7262,76.9247,1,-1,-1,-1
163,6,1764.2148,65.5136,74.1163,76.6845,1,-1,-1,-1
164,6,1762.2009,66.2167,76.5019,77.1195,1,-1,-1,-1
165,6,1761.4485,65.5561,77.6765,78.8739,1,-1,-1,-1
166,6,1761.0363,65.445,78.022,79.0357,1,-1,-1,-1
168,6,1761.186,65.8499,77.9012,80.5036,1,-1,-1,-1
169,6,1761.2104,65.5531,78.1646,79.5167,1,-1,-1,-1
170,6,1761.8733,64.4311,78.5886,79.2469,1,-1,-1,-1
171,6,1765.9625,63.6859,75.1997,79.7863,1,-1,-1,-1
172,6,1772.5408,64.9028,69.8329,79.4257,1,-1,-1,-1
173,6,1773.4683,64.3066,69.5365,80.3086,1,-1,-1,-1
174,6,1774.3582,63.0524,69.2972,81.7876,1,-1,-1,-1
175,6,1775.036,60.8143,69.4605,84.2373,1,-1,-1,-1
176,6,1777.3231,60.3533,67.4279,83.7473,1,-1,-1,-1
177,6,1780.8014,60.4454,64.7308,83.5445,1,-1,-1,-1
178,6,1782.1279,60.4487,64.0625,82.6348,1,-1,-1,-1
179,6,1783.1313,60.1134,63.9153,82.2896,1,-1,-1,-1
180,6,1784.7971,60.1171,63.5851,81.7601,1,-1,-1,-1
181,6,1785.5474,60.5969,63.911,81.3142,1,-1,-1,-1
182,6,1785.3379,60.6437,65.7123,82.0683,1,-1,-1,-1
183,6,1786.1084,61.4226,66.3019,81.0762,1,-1,-1,-1
184,6,1786.903,61.0122,67.2345,82.1364,1,-1,-1,-1
185,6,1786.9688,59.9798,67.8111,82.9355,1,-1,-1,-1
186,6,1786.1304,59.3421,70.0832,82.179,1,-1,-1,-1
187,6,1787.7426,59.6499,69.882,82.8569,1,-1,-1,-1
188,6,1787.3896,58.9847,68.6615,84.906,1,-1,-1,-1
189,6,1787.2257,59.0405,70.7736,85.7131,1,-1,-1,-1
190,6,1786.3835,61.8556,69.9563,83.201,1,-1,-1,-1
191,6,1789.6276,62.6608,68.9782,81.3163,1,-1,-1,-1
192,6,1790.5251,59.0575,67.8218,85.1043,1,-1,-1,-1
193,6,1789.5359,59.3235,69.3011,85.3867,1,-1,-1,-1
194,6,1791.2899,59.3095,69.1089,85.3113,1,-1,-1,-1
195,6,1793.1194,59.3393,65.8011,84.6656,1,-1,-1,-1
196,6,1792.5001,60.1499,67.4286,84.6995,1,-1,-1,-1
197,6,1794.0951,60.1993,65.8806,84.4716,1,-1,-1,-1
198,6,1793.729,60.2718,67.0116,83.8334,1,-1,-1,-1
199,6,1794.6067,60.5207,66.7414,84.9093,1,-1,-1,-1
200,6,1794.9603,61.2577,63.3034,85.4673,1,-1,-1,-1
201,6,1795.7924,60.9961,62.3507,85.4512,1,-1,-1,-1
202,6,1797.8025,60.4193,58.6799,87.3705,1,-1,-1,-1
203,6,1797.8728,60.8708,59.2246,86.0983,1,-1,-1,-1
204,6,1807.1639,60.6618,47.5436,86.7043,1,-1,-1,-1
205,6,1809.3192,60.4943,45.7804,86.3784,1,-1,-1,-1
206,6,1808.9343,60.7818,45.7603,86.7733,1,-1,-1,-1
207,6,1803.2893,60.0218,51.9004,88.252,1,-1,-1,-1
208,6,1800.8021,59.5827,54.7703,88.5068,1,-1,-1,-1
209,6,1801.0741,59.3818,54.0553,88.8046,1,-1,-1,-1
210,6,1801.0878,59.2259,54.4161,88.9047,1,-1,-1,-1
211,6,1800.6718,61.1504,52.5738,85.6572,1,-1,-1,-1
212,6,1800.5342,60.9571,51.8684,85.3161,1,-1,-1,-1
213,6,1800.7865,59.0774,54.375,89.3012,1,-1,-1,-1
214,6,1801.0277,58.3953,54.8469,89.9546,1,-1,-1,-1
215,6,1800.6385,58.251,55.6495,90.1404,1,-1,-1,-1
216,6,1801.3149,58.573,54.6462,88.8273,1,-1,-1,-1
217,6,1801.6753,58.5083,53.6913,90.898,1,-1,-1,-1
218,6,1801.9386,58.4027,53.2498,91.299,1,-1,-1,-1
219,6,1802.0133,58.1353,53.1428,91.1368,1,-1,-1,-1
220,6,1802.2505,58.1189,52.6735,91.4531,1,-1,-1,-1
221,6,1802.3905,57.8503,52.5275,92.0916,1,-1,-1,-1
222,6,1802.1638,58.2012,52.723,91.7719,1,-1,-1,-1
223,6,1802.9614,58.3436,51.4324,92.8139,1,-1,-1,-1
224,6,1803.4594,58.4016,51.5434,91.4663,1,-1,-1,-1
225,6,1803.9172,58.0535,51.286,91.4589,1,-1,-1,-1
226,6,1804.8408,58.613,50.3707,91.6552,1,-1,-1,-1
227,6,1805.1265,59.6263,50.0943,85.258,1,-1,-1,-1
228,6,1806.0448,59.5968,49.2821,84.2706,1,-1,-1,-1
229,6,1806.7802,60.3939,45.4543,84.0164,1,-1,-1,-1
230,6,1806.9414,58.7278,48.0815,87.1441,1,-1,-1,-1
231,6,1806.9982,57.4727,48.2214,93.4519,1,-1,-1,-1
232,6,1806.7439,59.2741,49.3619,86.4852,1,-1,-1,-1
233,6,1806.4072,57.8626,49.4835,93.4051,1,-1,-1,-1
234,6,1805.6759,58.1015,50.8417,93.5547,1,-1,-1,-1
235,6,1805.4073,59.0818,51.3898,91.7464,1,-1,-1,-1
236,6,1805.8569,59.0782,52.4933,90.9722,1,-1,-1,-1
237,6,1805.7394,58.9822,52.1972,90.7293,1,-1,-1,-1
238,6,1806.0032,59.9187,52.3382,90.3977,1,-1,-1,-1
239,6,1806.2555,59.6032,51.8086,89.6613,1,-1,-1,-1
240,6,1805.8107,59.5541,52.4261,90.2887,1,-1,-1,-1
241,6,1806.6812,59.9462,54.6162,92.2984,1,-1,-1,-1
242,6,1806.0498,59.5557,53.5226,90.9223,1,-1,-1,-1
243,6,1805.1132,60.6332,56.6839,86.7523,1,-1,-1,-1
244,6,1806.0823,60.1827,54.6687,91.9685,1,-1,-1,-1
245,6,1805.5859,60.6579,54.9423,91.4409,1,-1,-1,-1
246,6,1805.1774,60.6752,54.8145,92.4888,1,-1,-1,-1
247,6,1805.5958,60.5859,54.2481,90.4678,1,-1,-1,-1
248,6,1805.199,60.6239,54.107,92.1301,1,-1,-1,-1
249,6,1804.8607,62.7724,50.3792,85.4656,1,-1,-1,-1
250,6,1805.3389,60.1627,54.0234,91.6365,1,-1,-1,-1
251,6,1805.5299,60.6581,54.0233,91.6156,1,-1,-1,-1
252,6,1805.1858,60.6534,53.7107,89.8954,1,-1,-1,-1
253,6,1804.7889,60.808,54.1869,88.1841,1,-1,-1,-1
254,6,1804.3439,60.8922,54.4116,86.2554,1,-1,-1,-1
255,6,1804.8944,60.4364,53.5325,86.1916,1,-1,-1,-1
256,6,1805.3224,60.4464,53.9309,85.4176,1,-1,-1,-1
257,6,1805.6187,60.6001,54.5617,87.1428,1,-1,-1,-1
258,6,1804.6527,60.6791,57.8021,84.6655,1,-1,-1,-1
259,7,1141.12,32.3027,43.4807,147.427,1,-1,-1,-1
95,6,1744.6477,56.9784,63.0064,85.5843,1,-1,-1,-1
97,6,1743.4626,57.1535,68.0339,87.0154,1,-1,-1,-1
98,6,1743.6666,57.9703,66.6564,84.6607,1,-1,-1,-1
101,6,1747.282,57.9957,73.8329,84.7585,1,-1,-1,-1
151,6,1767.3776,67.6753,66.8308,74.293,1,-1,-1,-1
152,6,1766.8203,67.1724,68.3904,77.2974,1,-1,-1,-1
167,6,1761.5289,65.1714,77.6729,81.1808,1,-1,-1,-1
259,6,1806.036,60.6623,56.3517,89.9777,1,-1,-1,-1