1,1,1832.2692,77.895,68.8159,104.2583,1,-1,-1,-1
2,1,1821.9965,76.5569,74.8628,88.321,1,-1,-1,-1
3,1,1834.2393,80.3756,64.4997,89.9877,1,-1,-1,-1
4,1,1846.3561,84.2843,52.4811,83.9023,1,-1,-1,-1
5,1,1842.3883,83.2802,57.2343,88.8253,1,-1,-1,-1
6,1,1841.2229,82.7037,59.1339,89.2132,1,-1,-1,-1
7,1,1838.91,79.9917,62.4528,89.6036,1,-1,-1,-1
8,1,1839.551,81.7627,62.2924,87.5384,1,-1,-1,-1
9,1,1840.2322,81.6435,61.3928,87.4463,1,-1,-1,-1
10,1,1843.0757,80.6218,57.3039,88.6728,1,-1,-1,-1
11,1,1841.9186,80.1653,58.4933,87.9257,1,-1,-1,-1
12,1,1841.6099,80.6034,59.8604,89.0285,1,-1,-1,-1
13,1,1828.6936,77.599,72.269,91.944,1,-1,-1,-1
14,1,1835.3259,77.3912,65.7709,92.0003,1,-1,-1,-1
15,1,1835.0912,77.1091,66.1532,92.115,1,-1,-1,-1
16,1,1835.0812,78.3959,66.5874,93.6558,1,-1,-1,-1
17,1,1824.0078,78.6599,77.3965,91.8345,1,-1,-1,-1
18,1,1827.6794,77.972,73.976,91.9574,1,-1,-1,-1
19,1,1836.7087,78.5396,64.408,94.1618,1,-1,-1,-1
20,1,1836.71,78.8699,64.5117,92.0572,1,-1,-1,-1
21,1,1824.6259,77.6619,76.1812,91.8209,1,-1,-1,-1
22,1,1826.9008,76.8624,74.7941,93.2282,1,-1,-1,-1
23,1,1825.8792,77.4807,77.9594,96.3682,1,-1,-1,-1
24,1,1828.5055,76.9041,73.7034,92.7456,1,-1,-1,-1
25,1,1828.0096,78.1621,72.5514,91.3563,1,-1,-1,-1
26,1,1830.7732,78.3701,68.5986,92.098,1,-1,-1,-1
27,1,1834.6996,75.6953,65.0951,96.1805,1,-1,-1,-1
28,1,1826.6509,78.3297,73.7889,90.7539,1,-1,-1,-1
29,1,1822.0128,80.9317,77.2881,88.8209,1,-1,-1,-1
30,1,1125.4753,147.0442,140.4938,267.7495,1,-1,-1,-1
31,1,1836.4995,79.2415,63.4501,91.7912,1,-1,-1,-1
32,1,1824.8507,77.7356,76.1873,92.9989,1,-1,-1,-1
33,1,1826.4845,76.9858,76.6728,96.1308,1,-1,-1,-1
34,1,1832.9143,78.9352,71.2957,93.4938,1,-1,-1,-1
35,1,1831.532,78.7022,72.6101,93.4147,1,-1,-1,-1
36,1,1831.114,78.4566,69.7108,95.0808,1,-1,-1,-1
37,1,1837.3844,75.5838,59.9368,96.8704,1,-1,-1,-1
38,1,1120.5546,146.8535,126.2315,254.1145,1,-1,-1,-1
39,1,1840.7521,76.5766,55.9718,95.1544,1,-1,-1,-1
40,1,1117.6082,146.2767,131.5302,254.8909,1,-1,-1,-1
41,1,1838.2791,78.2504,61.9619,97.9927,1,-1,-1,-1
42,1,1840.3767,80.4871,59.1658,91.9712,1,-1,-1,-1
43,1,1840.3093,81.2484,60.4765,92.6629,1,-1,-1,-1
44,1,1836.9271,75.8806,61.3047,97.4719,1,-1,-1,-1
45,1,1831.2406,77.6774,69.1299,99.3114,1,-1,-1,-1
46,1,1839.7463,79.8818,62.764,93.0608,1,-1,-1,-1
47,1,1841.9186,79.223,60.6415,93.31,1,-1,-1,-1
48,1,1835.4944,78.6555,67.1648,94.4127,1,-1,-1,-1
49,1,1841.8558,80.3869,60.184,92.2575,1,-1,-1,-1
50,1,1840.3512,77.7544,63.3343,96.9497,1,-1,-1,-1
51,1,1842.0487,79.3736,59.044,96.5836,1,-1,-1,-1
52,1,1840.1106,79.0797,61.3757,92.0357,1,-1,-1,-1
53,1,1835.0153,78.4896,67.182,95.9556,1,-1,-1,-1
54,1,1842.4435,77.9908,58.8976,93.0316,1,-1,-1,-1
55,1,1113.5474,142.8275,138.3971,254.9532,1,-1,-1,-1
56,1,1841.0392,79.6305,59.6943,95.1866,1,-1,-1,-1
57,1,1838.8348,78.0466,63.6126,93.8866,1,-1,-1,-1
58,1,1846.0554,82.4728,53.5368,86.4823,1,-1,-1,-1
59,1,1826.1378,75.6982,73.867,99.8944,1,-1,-1,-1
60,1,1828.1802,76.0373,72.0805,97.624,1,-1,-1,-1
61,1,1837.0232,80.3241,62.7403,94.6433,1,-1,-1,-1
62,1,1841.2164,81.2121,59.1416,92.3786,1,-1,-1,-1
63,1,1118.2244,142.6409,130.395,258.779,1,-1,-1,-1
64,1,1837.4745,80.6454,63.365,93.8048,1,-1,-1,-1
65,1,1837.0496,80.825,63.5875,94.3356,1,-1,-1,-1
66,1,1114.549,145.9334,135.1907,251.903,1,-1,-1,-1
67,1,1839.736,77.4404,58.842,93.5716,1,-1,-1,-1
68,1,1837.9865,79.9111,64.32,96.13,1,-1,-1,-1
69,1,1837.4617,79.7935,63.4854,94.7928,1,-1,-1,-1
70,1,1842.1824,80.4746,60.1884,91.532,1,-1,-1,-1
71,1,1842.6075,80.5918,59.526,91.7324,1,-1,-1,-1
72,1,1820.7162,76.8929,81.6564,95.3524,1,-1,-1,-1
73,1,1840.2416,79.6047,59.8513,90.088,1,-1,-1,-1
74,1,1836.9587,78.1767,62.9458,93.9152,1,-1,-1,-1
75,1,1817.8118,75.8949,81.9222,92.1608,1,-1,-1,-1
76,1,1820.2917,79.8973,81.4086,90.6724,1,-1,-1,-1
77,1,1817.0371,76.5158,82.5914,90.9627,1,-1,-1,-1
78,1,1817.9076,75.8322,82.6808,92.4343,1,-1,-1,-1
79,1,1831.2054,77.7261,69.0529,94.7466,1,-1,-1,-1
80,1,1840.9607,79.814,58.8564,92.6399,1,-1,-1,-1
81,1,1839.9421,80.577,61.2492,88.3104,1,-1,-1,-1
82,1,1827.9447,76.8002,75.077,94.1662,1,-1,-1,-1
83,1,1822.8679,76.2981,78.8302,95.2911,1,-1,-1,-1
84,1,1839.5878,78.8181,61.1501,93.7117,1,-1,-1,-1
85,1,1838.8966,79.7472,63.4141,89.352,1,-1,-1,-1
86,1,1841.0144,76.2677,57.1084,95.3555,1,-1,-1,-1
87,1,1836.6077,78.5984,64.0703,89.7392,1,-1,-1,-1
88,1,1839.7955,80.1212,62.1673,89.4906,1,-1,-1,-1
89,1,1845.4935,82.1173,54.6271,87.1374,1,-1,-1,-1
90,1,1842.1608,80.0187,57.8538,92.7991,1,-1,-1,-1
91,1,1821.5825,75.5328,77.5132,92.8528,1,-1,-1,-1
92,1,1840.2158,79.9896,60.4789,90.9771,1,-1,-1,-1
93,1,1843.2268,78.868,54.8557,94.6715,1,-1,-1,-1
94,1,1840.4366,79.2268,59.2914,92.9389,1,-1,-1,-1
95,1,1836.5701,79.0046,63.0952,91.9744,1,-1,-1,-1
96,1,1837.178,79.3594,62.2646,91.0494,1,-1,-1,-1
97,1,1840.7225,79.0901,60.9544,89.8682,1,-1,-1,-1
98,1,1839.8683,79.2836,60.9165,89.5413,1,-1,-1,-1
99,1,1845.4563,81.9435,54.5258,86.2134,1,-1,-1,-1
100,1,1840.0742,79.4458,60.1146,88.9794,1,-1,-1,-1
101,1,1836.5398,78.7461,63.2211,90.3631,1,-1,-1,-1
102,1,1824.8937,77.0074,77.228,93.5319,1,-1,-1,-1
103,1,1829.6611,76.9967,72.5667,93.144,1,-1,-1,-1
104,1,1823.8212,75.8542,73.4843,90.7532,1,-1,-1,-1
105,1,1846.0868,81.8488,54.0718,88.0094,1,-1,-1,-1
106,1,1129.8069,133.7004,103.4054,266.9811,1,-1,-1,-1
107,1,1820.0146,78.4155,80.6948,92.6792,1,-1,-1,-1
108,1,1834.3286,78.1236,66.1504,92.1166,1,-1,-1,-1
109,1,1125.0614,133.9496,117.2562,267.9462,1,-1,-1,-1
110,1,1825.7266,78.4215,75.3537,91.5628,1,-1,-1,-1
111,1,1835.5381,78.8699,64.4551,93.7038,1,-1,-1,-1
112,1,1835.5654,78.0193,65.4875,91.9445,1,-1,-1,-1
113,1,1838.4884,79.2776,60.126,90.3338,1,-1,-1,-1
114,1,1827.6815,75.1274,74.0408,92.7461,1,-1,-1,-1
115,1,1823.9611,77.8224,76.4298,91.7903,1,-1,-1,-1
116,2,1127.1079,138.9652,115.2702,259.2109,1,-1,-1,-1
117,1,1835.9075,78.526,63.5074,95.3218,1,-1,-1,-1
118,1,1832.3633,77.8052,69.4227,92.0547,1,-1,-1,-1
119,1,1822.425,78.014,78.7607,92.211,1,-1,-1,-1
120,1,1837.2178,78.7978,62.8272,92.3566,1,-1,-1,-1
121,1,1837.7561,81.34,63.1301,89.4977,1,-1,-1,-1
122,1,1835.1107,80.127,66.047,89.6545,1,-1,-1,-1
123,1,1831.7749,79.4239,69.0863,90.2735,1,-1,-1,-1
124,1,1833.5229,79.703,66.9905,89.561,1,-1,-1,-1
125,1,1835.4082,80.0187,64.0967,92.0935,1,-1,-1,-1
126,1,1838.7435,80.4298,61.8617,92.7539,1,-1,-1,-1
127,5,1314.8094,127.8989,103.8333,234.8175,1,-1,-1,-1
128,1,1846.1512,82.9654,52.8862,85.4432,1,-1,-1,-1
129,1,1838.2039,79.6782,62.3897,90.5626,1,-1,-1,-1
130,1,1842.4127,80.8725,56.013,88.3586,1,-1,-1,-1
131,1,1836.7211,76.8267,65.2628,95.1696,1,-1,-1,-1
132,1,1837.7037,78.4367,62.7482,91.264,1,-1,-1,-1
133,1,1834.7938,78.4059,66.142,92.2414,1,-1,-1,-1
134,1,1843.8181,79.4834,56.7233,90.4546,1,-1,-1,-1
135,1,1840.7749,79.3111,60.6516,91.6683,1,-1,-1,-1
136,1,1839.601,76.2988,58.9619,97.3296,1,-1,-1,-1
137,5,1283.7001,107.1785,89.2054,225.0104,1,-1,-1,-1
138,1,1819.5298,79.5873,80.7101,88.8921,1,-1,-1,-1
139,1,1820.9412,78.4222,80.6717,92.1255,1,-1,-1,-1
140,1,1831.1581,79.1048,69.3638,91.2003,1,-1,-1,-1
141,1,1838.9384,80.1945,61.721,91.004,1,-1,-1,-1
142,1,1840.5405,78.5165,60.4315,89.975,1,-1,-1,-1
143,1,1839.5627,80.3298,63.3875,92.8799,1,-1,-1,-1
144,1,1837.8773,79.1258,64.9734,93.8346,1,-1,-1,-1
145,1,1842.1603,76.6397,56.0541,94.7432,1,-1,-1,-1
146,1,1839.8881,78.4894,59.4314,93.9799,1,-1,-1,-1
147,1,1840.5001,80.169,58.4317,91.8252,1,-1,-1,-1
148,1,1839.371,77.4725,61.0186,95.2859,1,-1,-1,-1
149,5,1239.516,90.5929,80.5403,207.5253,1,-1,-1,-1
150,1,1834.2275,78.0612,68.7096,96.3354,1,-1,-1,-1
151,1,1834.1674,77.9498,66.9992,93.978,1,-1,-1,-1
152,1,1830.2897,77.8281,71.2036,92.507,1,-1,-1,-1
153,5,1211.8834,75.951,89.4408,231.3382,1,-1,-1,-1
154,1,1828.736,76.8358,71.844,90.5352,1,-1,-1,-1
155,5,1198.8197,76.1776,94.3188,210.8788,1,-1,-1,-1
156,5,1195.7158,75.7786,93.1967,213.8831,1,-1,-1,-1
157,5,1191.0654,75.3869,90.5681,208.5243,1,-1,-1,-1
158,5,1189.5863,74.5028,88.1107,207.9002,1,-1,-1,-1
159,5,1187.6216,74.9974,92.1997,203.3709,1,-1,-1,-1
160,5,1188.4769,75.6156,83.1652,201.3891,1,-1,-1,-1
161,5,1177.906,64.0648,89.665,215.5877,1,-1,-1,-1
162,5,1175.4617,62.6587,90.1168,219.7062,1,-1,-1,-1
163,5,1183.5725,68.5138,73.688,211.8352,1,-1,-1,-1
164,5,1170.348,61.2166,87.4398,217.7201,1,-1,-1,-1
165,5,1167.4946,59.7635,84.1264,216.21,1,-1,-1,-1
166,5,1174.123,60.4684,75.1373,176.6143,1,-1,-1,-1
167,5,1175.1956,57.6791,68.8137,170.2241,1,-1,-1,-1
168,5,1175.1395,55.5033,66.6696,169.3998,1,-1,-1,-1
169,5,1167.5166,52.9447,67.0935,168.7144,1,-1,-1,-1
170,5,1164.6919,51.5074,66.0762,168.9318,1,-1,-1,-1
171,5,1162.4667,49.931,67.4529,172.8004,1,-1,-1,-1
172,5,1160.1067,47.8704,69.4197,175.9503,1,-1,-1,-1
173,5,1154.8885,50.2337,67.8997,170.2497,1,-1,-1,-1
174,5,1149.4442,45.8964,70.5045,164.724,1,-1,-1,-1
175,5,1142.9323,48.7341,71.2927,137.9085,1,-1,-1,-1
176,5,1141.2311,46.6606,69.8089,127.1294,1,-1,-1,-1
177,5,1130.2021,44.7978,78.59,128.7218,1,-1,-1,-1
178,5,1118.9368,44.0734,82.8009,151.5038,1,-1,-1,-1
179,5,1113.1023,44.0908,84.6888,154.9609,1,-1,-1,-1
180,5,1111.7214,44.2109,83.5776,150.7787,1,-1,-1,-1
181,5,1108.3193,41.5063,84.3538,151.7341,1,-1,-1,-1
182,5,1105.0162,37.5211,87.7946,171.6117,1,-1,-1,-1
183,5,1101.3704,35.0137,90.234,176.2675,1,-1,-1,-1
184,5,1095.4642,33.1106,94.6068,181.1935,1,-1,-1,-1
185,5,1092.2124,29.8315,92.1039,182.5099,1,-1,-1,-1
186,5,1090.6589,26.5007,90.1361,188.7134,1,-1,-1,-1
187,5,1086.8326,25.5229,91.1473,188.588,1,-1,-1,-1
188,5,1086.2881,27.2461,86.266,180.5005,1,-1,-1,-1
189,5,1083.5273,25.3962,87.0566,180.746,1,-1,-1,-1
190,5,1080.9882,24.5962,87.1715,184.1995,1,-1,-1,-1
191,5,1073.8927,21.5028,93.8882,186.0165,1,-1,-1,-1
192,5,1073.5636,25.3866,88.5244,180.4833,1,-1,-1,-1
193,5,1071.5391,25.38,86.1026,183.8336,1,-1,-1,-1
194,5,1066.8673,22.1717,86.275,190.5671,1,-1,-1,-1
195,5,1066.3213,20.2953,85.8442,192.6527,1,-1,-1,-1
196,5,1065.3304,19.2013,83.5557,193.8135,1,-1,-1,-1
197,5,1064.4827,16.8212,83.2404,193.7142,1,-1,-1,-1
1,2,1149.991,142.4504,103.6388,258.2467,1,-1,-1,-1
2,2,1149.2086,140.9915,100.9414,259.2805,1,-1,-1,-1
3,2,1143.5015,141.5539,105.9071,253.8,1,-1,-1,-1
4,2,1142.7167,141.5057,107.2103,253.9146,1,-1,-1,-1
5,2,1144.0641,139.3528,106.9504,264.1601,1,-1,-1,-1
6,2,1143.5436,142.7361,108.1339,254.4959,1,-1,-1,-1
7,2,1120.8586,143.6105,127.7859,259.0438,1,-1,-1,-1
8,2,1127.2909,144.5751,121.9208,260.1839,1,-1,-1,-1
9,2,1139.99,142.7623,119.9764,259.3234,1,-1,-1,-1
10,2,1136.6855,142.8573,120.1587,258.3439,1,-1,-1,-1
11,2,1139.386,146.6933,115.5277,241.5953,1,-1,-1,-1
12,2,1145.1849,146.677,106.3234,241.6151,1,-1,-1,-1
13,2,1146.4941,146.285,101.759,217.2354,1,-1,-1,-1
14,2,1143.7817,147.8356,105.6481,191.4303,1,-1,-1,-1
15,2,1141.238,148.4576,107.9068,191.3369,1,-1,-1,-1
16,2,1140.5603,144.7419,107.8325,191.5469,1,-1,-1,-1
17,2,1140.4874,145.1732,108.5838,188.2686,1,-1,-1,-1
18,2,1139.9652,146.545,109.0697,184.2231,1,-1,-1,-1
19,2,1138.6791,148.0611,111.398,184.4306,1,-1,-1,-1
20,2,1136.3564,147.6778,112.4867,184.2617,1,-1,-1,-1
21,2,1136.655,146.4372,112.6751,188.1648,1,-1,-1,-1
22,2,1137.7299,148.498,111.8914,186.5102,1,-1,-1,-1
23,2,1136.764,145.8671,124.7957,209.0986,1,-1,-1,-1
24,2,1131.4536,149.3772,124.5846,205.1579,1,-1,-1,-1
25,2,1131.8969,148.1849,117.5915,200.4161,1,-1,-1,-1
26,2,1127.7534,151.0329,123.0844,185.4743,1,-1,-1,-1
27,2,1130.6763,149.6141,120.3639,206.0967,1,-1,-1,-1
28,2,1122.7977,149.871,121.5591,191.952,1,-1,-1,-1
29,2,1127.9896,146.5454,124.2108,229.2326,1,-1,-1,-1
30,2,1001.3273,203.3307,114.727,238.4598,1,-1,-1,-1
31,2,1131.4879,150.4492,116.642,199.5894,1,-1,-1,-1
32,2,1130.9977,150.1739,115.0425,230.7789,1,-1,-1,-1
33,2,1118.7805,149.8152,128.0949,243.3273,1,-1,-1,-1
34,2,1120.3356,150.441,128.1415,246.8546,1,-1,-1,-1
35,2,1126.2404,149.403,121.3255,252.4748,1,-1,-1,-1
36,2,1120.5436,149.056,127.2499,252.9972,1,-1,-1,-1
37,2,1122.3944,146.8722,123.801,253.9705,1,-1,-1,-1
38,2,996.8862,202.5487,126.9044,242.4387,1,-1,-1,-1
39,2,1121.5398,146.9771,125.9065,254.5913,1,-1,-1,-1
40,2,996.2173,203.0,127.6898,242.1316,1,-1,-1,-1
41,2,1118.5073,147.9138,130.7461,249.4403,1,-1,-1,-1
42,2,1127.7063,145.3266,123.2399,252.8939,1,-1,-1,-1
43,2,1110.5159,148.3423,140.839,251.6768,1,-1,-1,-1
44,2,1111.0001,148.9551,142.0517,252.4569,1,-1,-1,-1
45,2,1107.1647,147.2027,143.1773,255.0866,1,-1,-1,-1
46,2,1110.5146,146.661,138.9281,252.7058,1,-1,-1,-1
47,2,1109.7903,147.0644,141.8883,250.0724,1,-1,-1,-1
48,2,1113.8951,147.3913,137.7164,253.2658,1,-1,-1,-1
49,2,1113.4448,145.271,140.4188,256.175,1,-1,-1,-1
50,2,1112.7875,145.6339,143.9371,255.2627,1,-1,-1,-1
51,2,1112.1277,145.9415,142.388,254.7913,1,-1,-1,-1
52,2,1112.4507,144.1874,141.0072,256.7134,1,-1,-1,-1
53,2,1113.002,144.427,140.6218,258.1494,1,-1,-1,-1
54,2,1114.2207,142.2002,139.0407,259.6761,1,-1,-1,-1
55,2,991.7301,204.414,155.6173,251.6511,1,-1,-1,-1
56,2,1111.9907,143.5442,141.2969,253.0862,1,-1,-1,-1
57,2,1115.6564,144.143,138.9986,255.284,1,-1,-1,-1
58,2,1118.9899,143.9358,132.3191,257.7381,1,-1,-1,-1
59,2,1117.1718,147.201,132.5577,253.1547,1,-1,-1,-1
60,2,1116.9921,146.449,132.6876,254.114,1,-1,-1,-1
61,2,1115.318,142.3498,132.5397,255.362,1,-1,-1,-1
62,2,1115.9529,141.7914,133.8981,257.3068,1,-1,-1,-1
63,2,993.8674,202.0763,152.2585,243.8831,1,-1,-1,-1
64,2,1117.5306,142.9588,131.2719,258.3123,1,-1,-1,-1
65,2,1116.542,143.8718,134.261,256.2358,1,-1,-1,-1
66,2,991.0128,201.0819,156.0416,245.1864,1,-1,-1,-1
67,2,1111.6453,147.2504,139.9948,250.9251,1,-1,-1,-1
68,2,1112.4834,147.7126,139.4414,250.7257,1,-1,-1,-1
69,2,1113.3464,148.0985,138.5586,249.4646,1,-1,-1,-1
70,2,1138.0167,145.9177,113.9105,252.1978,1,-1,-1,-1
71,2,1141.7324,144.6897,109.0485,256.3108,1,-1,-1,-1
72,2,1145.1061,145.6209,105.6383,254.2192,1,-1,-1,-1
73,2,1140.6998,143.8365,119.0454,254.6121,1,-1,-1,-1
74,2,1133.9127,145.3455,134.5437,254.0653,1,-1,-1,-1
75,2,1136.5522,145.8013,120.3476,253.4764,1,-1,-1,-1
76,2,1140.3669,145.2529,123.8752,252.7605,1,-1,-1,-1
77,2,1137.9673,145.8447,124.5185,253.5189,1,-1,-1,-1
78,2,1127.1107,146.03,128.5805,253.9203,1,-1,-1,-1
79,2,1129.2349,147.1022,115.5805,256.2127,1,-1,-1,-1
80,2,1144.1318,143.9173,107.5918,255.358,1,-1,-1,-1
81,2,1141.2362,144.8045,107.6084,250.7282,1,-1,-1,-1
82,2,1129.6044,143.1236,124.9552,254.8299,1,-1,-1,-1
83,2,1116.4788,141.3118,130.1613,254.9342,1,-1,-1,-1
84,2,1115.506,138.8142,131.5287,259.2343,1,-1,-1,-1
85,2,1114.7471,140.0435,130.709,259.9588,1,-1,-1,-1
86,2,1114.8995,138.6209,129.5109,260.6337,1,-1,-1,-1
87,2,1115.2218,137.9729,128.4462,262.5222,1,-1,-1,-1
88,2,1117.092,138.0033,125.3409,261.2168,1,-1,-1,-1
89,2,1116.1656,137.2428,127.1052,261.9354,1,-1,-1,-1
90,2,1121.1331,138.1431,118.3869,259.4485,1,-1,-1,-1
91,2,1125.4049,137.5622,113.4723,261.5756,1,-1,-1,-1
92,2,1119.6245,134.8824,119.4207,262.9413,1,-1,-1,-1
93,2,1124.1964,132.4964,112.3391,264.8477,1,-1,-1,-1
94,2,1121.6289,137.4957,116.0038,258.9588,1,-1,-1,-1
95,2,1121.1226,136.0445,115.3442,259.7895,1,-1,-1,-1
96,2,1126.3801,136.5614,107.9272,257.7058,1,-1,-1,-1
97,2,1130.7583,133.8842,107.3859,264.5197,1,-1,-1,-1
98,2,1127.2344,133.2139,111.5444,265.7838,1,-1,-1,-1
99,2,1127.5459,133.224,108.9458,266.5562,1,-1,-1,-1
100,2,1132.6163,132.0734,102.745,267.5435,1,-1,-1,-1
101,2,1123.1747,131.6859,113.5254,267.0893,1,-1,-1,-1
102,2,1123.0137,131.6797,113.0326,266.7188,1,-1,-1,-1
103,2,1127.6136,133.4691,110.1552,265.7623,1,-1,-1,-1
104,2,1127.7651,133.209,109.9259,264.4906,1,-1,-1,-1
105,2,1129.5283,134.0076,104.8682,264.6686,1,-1,-1,-1
106,2,875.0344,157.9149,85.4544,221.7529,1,-1,-1,-1
107,2,1127.3058,134.0033,107.8218,265.6033,1,-1,-1,-1
108,2,1129.5909,135.5329,105.6117,265.2414,1,-1,-1,-1
109,2,876.9413,154.0834,93.1293,224.4799,1,-1,-1,-1
110,2,1126.6049,135.0868,115.0863,266.8768,1,-1,-1,-1
111,2,1127.603,136.4187,113.4899,264.2997,1,-1,-1,-1
112,2,1123.3824,135.5862,117.2802,264.9382,1,-1,-1,-1
113,2,1122.9388,137.3772,118.828,265.8284,1,-1,-1,-1
114,2,1126.6835,138.7887,114.4994,261.6193,1,-1,-1,-1
115,2,1130.1945,139.0006,109.9692,259.7388,1,-1,-1,-1
116,4,892.7841,142.5383,101.0822,238.0313,1,-1,-1,-1
117,5,1362.479,139.7085,98.8643,231.8388,1,-1,-1,-1
118,5,1359.9904,137.4164,95.6931,238.6736,1,-1,-1,-1
119,5,1355.0337,136.2917,99.5039,242.0498,1,-1,-1,-1
120,5,1347.2802,132.7786,102.0214,240.5128,1,-1,-1,-1
121,5,1344.4314,130.6961,95.8267,241.6158,1,-1,-1,-1
122,5,1340.3737,131.774,95.8122,239.9666,1,-1,-1,-1
123,5,1326.4395,127.1775,105.4862,244.6195,1,-1,-1,-1
124,5,1319.3359,125.7766,110.2015,244.1962,1,-1,-1,-1
125,5,1317.9922,128.8748,109.0065,240.3599,1,-1,-1,-1
126,5,1312.9022,130.6246,112.1312,233.9558,1,-1,-1,-1
127,4,923.437,131.4814,82.7395,252.1383,1,-1,-1,-1
128,5,1313.3835,121.2001,104.2586,235.2939,1,-1,-1,-1
129,5,1314.6299,119.3416,97.3478,232.839,1,-1,-1,-1
130,5,1308.0388,118.5121,96.9882,230.4389,1,-1,-1,-1
131,5,1313.7158,116.6344,87.0015,225.6034,1,-1,-1,-1
132,5,1310.8356,115.5268,82.7643,214.2105,1,-1,-1,-1
133,5,1307.4078,110.1201,86.8153,215.1207,1,-1,-1,-1
134,5,1303.3658,104.0885,89.7306,221.4378,1,-1,-1,-1
135,5,1296.7904,102.1944,89.7036,229.2342,1,-1,-1,-1
136,5,1290.3976,105.1252,89.3426,224.487,1,-1,-1,-1
137,4,932.4224,128.794,67.7124,232.4715,1,-1,-1,-1
138,5,1268.4205,104.1027,100.6215,226.2492,1,-1,-1,-1
139,5,1262.0529,104.1608,103.2133,228.8499,1,-1,-1,-1
140,5,1255.5547,105.7848,105.7278,228.2983,1,-1,-1,-1
141,5,1232.5072,102.7646,124.111,245.8742,1,-1,-1,-1
142,5,1244.4675,106.2683,107.5972,232.7685,1,-1,-1,-1
143,5,1233.9319,103.4771,113.2734,233.0468,1,-1,-1,-1
144,5,1242.9363,99.0815,101.893,233.1524,1,-1,-1,-1
145,5,1249.7634,94.7264,97.3739,226.9659,1,-1,-1,-1
146,5,1243.2878,97.859,96.2747,227.5657,1,-1,-1,-1
147,5,1241.6921,95.5803,94.4799,226.1433,1,-1,-1,-1
148,5,1238.4332,92.8028,87.9668,221.9034,1,-1,-1,-1
149,4,937.6571,130.4704,67.8583,227.641,1,-1,-1,-1
150,5,1234.8696,86.1404,81.2067,212.3854,1,-1,-1,-1
151,5,1229.2897,84.2726,78.6511,215.7833,1,-1,-1,-1
152,5,1214.9476,79.0624,93.9471,232.0255,1,-1,-1,-1
153,1,1835.0812,76.6581,65.6559,91.2452,1,-1,-1,-1
154,5,1203.6616,77.6781,93.8357,205.2572,1,-1,-1,-1
155,1,1829.6431,77.5123,71.7718,93.1678,1,-1,-1,-1
156,1,1830.1617,77.204,73.0751,94.4463,1,-1,-1,-1
157,1,1840.6133,80.1077,58.6448,88.6077,1,-1,-1,-1
158,1,1840.9346,80.54,58.6214,88.7335,1,-1,-1,-1
159,1,1841.6017,79.4098,57.7986,92.0681,1,-1,-1,-1
160,1,1838.1556,76.0479,60.3566,95.9879,1,-1,-1,-1
161,1,1837.0304,79.1539,65.1112,91.79,1,-1,-1,-1
162,1,1838.725,79.7049,62.5782,91.5828,1,-1,-1,-1
163,1,1841.6179,79.8162,58.82,91.7282,1,-1,-1,-1
164,1,1832.4133,78.9773,68.7716,91.1072,1,-1,-1,-1
165,1,1827.2196,79.6904,74.3766,90.5846,1,-1,-1,-1
166,1,1831.0457,78.419,73.1934,94.2972,1,-1,-1,-1
167,1,1832.402,78.3324,69.8346,93.2722,1,-1,-1,-1
168,1,1838.4938,81.5949,62.1953,89.9701,1,-1,-1,-1
169,1,1836.5354,80.1405,64.2546,88.4939,1,-1,-1,-1
170,1,1837.0055,79.6195,63.6639,89.1158,1,-1,-1,-1
171,1,1837.9044,79.7009,62.5115,90.8389,1,-1,-1,-1
172,1,1819.9766,79.1279,81.3866,91.8297,1,-1,-1,-1
173,1,1833.7177,78.4334,66.9521,92.7005,1,-1,-1,-1
174,1,1833.5072,78.6158,68.2754,92.4086,1,-1,-1,-1
175,1,1833.514,77.5049,67.6833,92.0539,1,-1,-1,-1
176,1,1836.588,79.1784,66.3814,92.2711,1,-1,-1,-1
177,1,1831.8273,78.0814,71.123,93.7507,1,-1,-1,-1
178,1,1818.0686,76.9976,81.9191,91.6145,1,-1,-1,-1
179,1,1820.6691,77.8173,80.0902,94.6653,1,-1,-1,-1
180,1,1829.6268,77.4691,71.2328,95.0721,1,-1,-1,-1
181,1,1835.3361,78.1979,67.7711,94.0255,1,-1,-1,-1
182,1,1127.1338,125.5868,81.6069,256.4482,1,-1,-1,-1
183,1,1840.1553,79.9739,60.5577,93.3922,1,-1,-1,-1
184,4,937.4039,127.1165,60.5772,235.3835,1,-1,-1,-1
185,1,1834.8185,77.3355,66.9028,92.3592,1,-1,-1,-1
186,1,1838.9192,77.6279,62.0653,91.4676,1,-1,-1,-1
187,1,1832.0265,77.6853,68.844,90.3491,1,-1,-1,-1
188,1,1823.7603,76.4433,76.3458,92.1338,1,-1,-1,-1
189,1,1821.4348,77.7905,78.9142,92.712,1,-1,-1,-1
190,1,1822.4578,76.4453,78.5717,97.3826,1,-1,-1,-1
191,1,1838.0835,79.207,63.6935,92.1207,1,-1,-1,-1
192,1,1824.1246,76.8819,75.7515,95.7726,1,-1,-1,-1
193,1,1830.2819,78.4149,69.1411,91.3495,1,-1,-1,-1
194,1,1830.0928,77.8818,70.4103,92.2709,1,-1,-1,-1
195,1,1835.7104,75.9512,62.3649,94.9161,1,-1,-1,-1
196,1,1837.2255,79.9098,64.8679,92.3345,1,-1,-1,-1
197,1,1838.8375,81.0865,61.1819,89.2757,1,-1,-1,-1
1,3,1006.2803,208.537,104.8681,231.5551,1,-1,-1,-1
2,3,1004.7407,208.3636,108.0561,233.2394,1,-1,-1,-1
3,3,1004.3177,207.2842,108.2452,233.6751,1,-1,-1,-1
4,3,1004.1673,206.9745,103.5832,233.4513,1,-1,-1,-1
5,3,1003.8116,206.0264,98.1808,235.0428,1,-1,-1,-1
6,3,999.9749,204.7278,106.5578,242.1514,1,-1,-1,-1
7,3,999.2816,205.0696,110.6002,241.9988,1,-1,-1,-1
8,3,1002.4113,204.0531,107.4691,238.4964,1,-1,-1,-1
9,3,1002.6145,204.5003,107.9259,238.1343,1,-1,-1,-1
10,3,1002.5212,203.9957,109.9248,239.2004,1,-1,-1,-1
11,3,1002.1283,203.4832,113.9322,239.7334,1,-1,-1,-1
12,3,1002.0208,203.545,114.5955,238.6528,1,-1,-1,-1
13,3,1002.6591,204.9997,117.2867,235.7168,1,-1,-1,-1
14,3,1002.4147,204.7334,119.4242,236.3066,1,-1,-1,-1
15,3,1002.1902,204.8453,119.6761,236.2841,1,-1,-1,-1
16,3,1000.5339,202.9314,126.0201,237.8732,1,-1,-1,-1
17,3,1001.0163,203.3871,117.2918,236.7073,1,-1,-1,-1
18,3,1001.0816,203.7738,120.8758,238.3234,1,-1,-1,-1
19,3,1001.0886,203.7191,120.0949,237.6429,1,-1,-1,-1
20,3,1001.0369,201.9756,122.9231,240.5011,1,-1,-1,-1
21,3,999.2104,201.7266,127.3342,241.5991,1,-1,-1,-1
22,3,1001.033,202.0051,121.9862,243.9845,1,-1,-1,-1
23,3,1002.0909,202.0909,123.497,246.2105,1,-1,-1,-1
24,3,1001.0656,203.4462,116.6782,241.9386,1,-1,-1,-1
25,3,1003.3771,203.3372,112.4522,237.3069,1,-1,-1,-1
26,3,1000.5643,201.8691,124.5227,239.8018,1,-1,-1,-1
27,3,1001.3011,202.2105,123.6164,239.5604,1,-1,-1,-1
28,3,1001.3479,203.9121,117.7274,235.5362,1,-1,-1,-1
29,3,1000.8338,202.6997,120.7548,238.5164,1,-1,-1,-1
30,4,1076.1062,312.9951,105.1917,280.2572,1,-1,-1,-1
31,3,1000.3871,204.8174,117.4582,237.8012,1,-1,-1,-1
32,3,999.2876,204.8153,118.9727,237.7027,1,-1,-1,-1
33,3,999.5345,204.7594,119.6299,237.4319,1,-1,-1,-1
34,3,998.9658,204.826,120.687,236.5954,1,-1,-1,-1
35,3,998.4365,204.3025,121.1707,237.299,1,-1,-1,-1
36,3,997.955,203.5841,125.0185,240.9357,1,-1,-1,-1
37,3,998.405,203.266,127.0048,239.7815,1,-1,-1,-1
38,4,1042.016,287.6862,101.8324,297.9756,1,-1,-1,-1
39,3,996.9194,202.6378,125.9961,243.8,1,-1,-1,-1
40,4,1037.3436,283.8855,96.1592,284.0498,1,-1,-1,-1
41,3,991.9655,202.2489,135.2093,237.8131,1,-1,-1,-1
42,3,989.983,204.0325,140.7072,242.4007,1,-1,-1,-1
43,3,989.4462,210.8024,136.1255,227.1513,1,-1,-1,-1
44,3,984.381,208.7144,145.3995,200.503,1,-1,-1,-1
45,4,1002.8091,271.3295,91.1538,176.1046,1,-1,-1,-1
46,4,989.7181,268.5748,98.1128,231.6067,1,-1,-1,-1
47,4,987.7218,259.5139,94.7109,271.7008,1,-1,-1,-1
48,4,971.9837,261.7913,104.5388,269.1409,1,-1,-1,-1
49,3,972.0191,204.9823,190.9228,256.3802,1,-1,-1,-1
50,3,973.1746,209.3119,172.7718,238.0565,1,-1,-1,-1
51,3,979.963,202.8463,179.1,237.4847,1,-1,-1,-1
52,3,983.9542,202.3523,170.8249,229.8748,1,-1,-1,-1
53,3,995.5912,204.3443,142.9639,245.3458,1,-1,-1,-1
54,3,990.7101,201.9509,150.8307,252.0605,1,-1,-1,-1
55,4,927.4711,256.9688,104.6281,262.6221,1,-1,-1,-1
56,3,994.7747,202.8122,155.3087,250.8687,1,-1,-1,-1
57,3,995.2671,203.0624,147.4166,252.1605,1,-1,-1,-1
58,3,996.5364,203.1258,146.1283,251.7718,1,-1,-1,-1
59,3,997.5274,202.4568,151.9103,252.5137,1,-1,-1,-1
60,3,996.4368,202.6159,145.5454,246.7863,1,-1,-1,-1
61,3,996.9996,202.6053,152.2364,247.9192,1,-1,-1,-1
62,3,995.2618,202.2547,149.9003,245.6667,1,-1,-1,-1
63,4,892.4096,232.679,100.0595,276.5104,1,-1,-1,-1
64,3,992.8349,200.8189,156.6153,244.5079,1,-1,-1,-1
65,3,992.0842,201.3088,156.856,245.489,1,-1,-1,-1
66,4,866.8162,231.1123,117.128,273.4315,1,-1,-1,-1
67,3,990.9883,200.2144,153.5814,247.5668,1,-1,-1,-1
68,3,990.4614,200.7817,151.2372,245.9491,1,-1,-1,-1
69,3,990.6519,200.1487,152.1908,247.1407,1,-1,-1,-1
70,3,990.3093,201.2701,153.8662,245.3873,1,-1,-1,-1
71,3,991.2278,200.7418,153.2723,245.5499,1,-1,-1,-1
72,3,990.8191,201.0143,153.6714,246.1382,1,-1,-1,-1
73,3,992.022,199.8285,152.5897,246.5908,1,-1,-1,-1
74,3,991.8444,200.2173,151.9671,247.1649,1,-1,-1,-1
75,3,991.8489,199.3873,152.3557,248.4583,1,-1,-1,-1
76,3,991.4343,200.1032,152.3396,247.2156,1,-1,-1,-1
77,4,854.756,201.3559,112.3277,242.5274,1,-1,-1,-1
78,4,853.5998,199.3188,114.7298,247.2397,1,-1,-1,-1
79,4,853.4233,197.383,114.7555,249.6823,1,-1,-1,-1
80,4,842.6658,193.255,122.4414,260.9209,1,-1,-1,-1
81,4,849.9423,192.3845,114.9322,253.1528,1,-1,-1,-1
82,4,851.8085,188.977,110.5965,264.5314,1,-1,-1,-1
83,4,851.1111,185.9918,109.941,268.1546,1,-1,-1,-1
84,4,851.6872,183.9437,107.461,270.0276,1,-1,-1,-1
85,4,854.6296,183.3244,104.6389,255.4002,1,-1,-1,-1
86,4,852.7982,185.0762,105.1757,257.7412,1,-1,-1,-1
87,4,850.5309,183.2338,107.9461,257.1533,1,-1,-1,-1
88,4,847.948,181.0944,111.6293,233.7439,1,-1,-1,-1
89,4,847.8903,179.8767,110.1442,251.2115,1,-1,-1,-1
90,4,848.2513,178.1838,108.8748,244.354,1,-1,-1,-1
91,4,848.6266,174.6666,107.9117,236.0653,1,-1,-1,-1
92,4,848.7678,171.6525,106.8769,237.6087,1,-1,-1,-1
93,4,849.6108,168.1672,107.146,226.2812,1,-1,-1,-1
94,4,851.108,165.1965,102.872,226.4252,1,-1,-1,-1
95,4,853.5225,163.5663,101.2161,219.5838,1,-1,-1,-1
96,4,855.9164,159.7835,96.7334,221.0642,1,-1,-1,-1
97,4,861.3759,162.5653,89.6992,218.5053,1,-1,-1,-1
98,4,864.3061,162.2687,86.3816,220.7529,1,-1,-1,-1
99,4,867.4539,160.8375,83.9368,217.4812,1,-1,-1,-1
100,4,872.7147,157.6714,78.6072,228.689,1,-1,-1,-1
101,4,873.5552,162.5784,78.2131,224.5926,1,-1,-1,-1
102,4,873.1587,157.7975,80.8931,229.654,1,-1,-1,-1
103,4,873.229,157.8163,82.2792,224.6748,1,-1,-1,-1
104,4,876.7802,159.2859,83.3696,218.5725,1,-1,-1,-1
105,4,876.7723,157.8545,84.9372,219.9228,1,-1,-1,-1
106,5,1380.5121,159.9984,121.9132,258.0389,1,-1,-1,-1
107,4,876.5995,156.8422,87.8275,223.4676,1,-1,-1,-1
108,4,878.7104,154.089,89.5002,223.3549,1,-1,-1,-1
109,5,1383.0184,160.2422,106.2953,237.834,1,-1,-1,-1
110,4,876.4902,151.732,96.4992,226.9073,1,-1,-1,-1
111,4,876.1136,148.9125,100.8943,229.4107,1,-1,-1,-1
112,4,877.7746,147.8946,103.1688,231.4358,1,-1,-1,-1
113,4,879.9051,147.5408,104.7901,232.4254,1,-1,-1,-1
114,4,885.5732,146.5086,97.8691,232.485,1,-1,-1,-1
115,4,889.382,142.6844,99.7864,238.3067,1,-1,-1,-1
116,5,1368.9171,143.8905,95.3787,230.1671,1,-1,-1,-1
117,2,1127.0244,139.8681,113.6148,256.7744,1,-1,-1,-1
118,2,1123.1613,140.4906,118.0582,255.2119,1,-1,-1,-1
119,4,913.0244,142.3194,93.4081,241.0058,1,-1,-1,-1
120,2,1120.5837,142.6819,122.5435,252.7278,1,-1,-1,-1
121,4,918.507,140.2188,86.1522,243.8304,1,-1,-1,-1
122,4,918.8694,139.0492,84.9495,245.4383,1,-1,-1,-1
123,4,919.6244,137.5765,83.6351,245.8142,1,-1,-1,-1
124,4,920.2532,135.9776,80.5696,245.2444,1,-1,-1,-1
125,4,920.8845,133.7975,87.7733,256.3607,1,-1,-1,-1
126,4,921.8728,131.4183,84.9714,253.5177,1,-1,-1,-1
127,2,1115.4808,150.6501,129.9162,246.195,1,-1,-1,-1
128,4,924.0312,129.9645,81.7043,257.4634,1,-1,-1,-1
129,4,925.0641,132.155,65.5176,242.1651,1,-1,-1,-1
130,4,925.7697,129.6573,65.4617,244.4916,1,-1,-1,-1
131,4,926.1552,129.7207,66.2021,241.8599,1,-1,-1,-1
132,4,927.2929,129.3734,66.8542,240.6377,1,-1,-1,-1
133,4,930.5498,128.4832,68.835,241.2069,1,-1,-1,-1
134,4,930.96,128.2915,68.4697,238.962,1,-1,-1,-1
135,4,931.5499,128.3414,68.2485,236.434,1,-1,-1,-1
136,4,932.3763,128.4519,67.5316,233.8743,1,-1,-1,-1
137,2,1122.9161,144.1849,121.208,253.7746,1,-1,-1,-1
138,4,932.7912,129.2399,67.3748,230.2715,1,-1,-1,-1
139,4,933.9969,125.8321,65.3963,237.6035,1,-1,-1,-1
140,4,934.3333,126.0342,65.8861,233.0215,1,-1,-1,-1
141,4,934.6533,125.1574,65.9852,233.2711,1,-1,-1,-1
142,4,934.6688,129.8282,68.2251,224.3836,1,-1,-1,-1
146,4,936.6226,125.9911,67.3449,231.8235,1,-1,-1,-1
147,4,936.9359,126.1256,67.3511,232.5451,1,-1,-1,-1
148,4,936.9984,131.9202,64.9489,229.9058,1,-1,-1,-1
149,2,1118.7628,139.7314,117.4223,257.3017,1,-1,-1,-1
150,4,937.266,132.7104,65.2584,230.6894,1,-1,-1,-1
151,4,937.1714,132.2583,65.1154,233.1991,1,-1,-1,-1
152,4,937.0536,132.5502,65.6206,231.2796,1,-1,-1,-1
153,2,1148.6887,127.7385,81.5182,269.8734,1,-1,-1,-1
154,4,937.0391,132.4173,64.8634,230.8112,1,-1,-1,-1
155,2,1153.87,126.8325,64.9143,268.5318,1,-1,-1,-1
156,4,936.9623,131.4544,65.1853,233.1242,1,-1,-1,-1
157,4,937.392,131.3899,64.5993,232.8776,1,-1,-1,-1
158,4,937.3431,131.0128,64.0852,232.6617,1,-1,-1,-1
159,2,1134.1031,128.0157,79.2012,268.8447,1,-1,-1,-1
160,4,937.2662,130.4231,64.0623,233.3385,1,-1,-1,-1
161,2,1119.6538,125.906,87.9993,257.7565,1,-1,-1,-1
162,2,1120.6454,125.019,87.2685,256.6654,1,-1,-1,-1
163,2,1115.4296,127.0631,90.5673,274.7951,1,-1,-1,-1
164,2,1073.4524,126.6041,127.0658,213.508,1,-1,-1,-1
165,2,1071.9462,128.3937,132.0112,181.4104,1,-1,-1,-1
166,4,938.3323,128.6004,62.79,230.0641,1,-1,-1,-1
167,2,1081.6501,129.6416,121.5374,167.6255,1,-1,-1,-1
168,4,938.3843,129.634,62.8384,229.7879,1,-1,-1,-1
169,2,1109.6058,123.0908,93.0729,241.9408,1,-1,-1,-1
170,2,1106.7078,124.5903,95.9609,228.5034,1,-1,-1,-1
171,2,1107.5465,124.8423,95.6978,216.724,1,-1,-1,-1
172,4,937.8914,126.241,63.5407,234.5532,1,-1,-1,-1
173,4,937.9808,126.0275,62.8053,234.7514,1,-1,-1,-1
174,4,938.3636,126.1953,61.6148,234.7542,1,-1,-1,-1
175,2,1114.3113,125.1262,87.3874,217.919,1,-1,-1,-1
176,4,938.1857,128.4461,60.5352,232.0273,1,-1,-1,-1
177,2,1118.5721,126.6391,82.4975,215.146,1,-1,-1,-1
178,2,1124.4402,127.8482,78.9751,215.1568,1,-1,-1,-1
179,4,938.0173,128.1874,60.0913,235.8181,1,-1,-1,-1
180,2,1124.7017,125.9471,79.7056,217.2351,1,-1,-1,-1
181,4,937.5859,127.5214,60.8008,234.0974,1,-1,-1,-1
182,4,937.3866,127.4667,61.0569,233.4709,1,-1,-1,-1
183,2,1120.0886,124.4379,85.7219,218.7721,1,-1,-1,-1
184,2,1113.5189,132.5602,90.383,200.5416,1,-1,-1,-1
185,2,1113.5002,124.8049,94.8169,219.3914,1,-1,-1,-1
186,2,1114.7831,123.5274,94.8017,224.5728,1,-1,-1,-1
187,2,1112.7825,124.2144,98.5791,219.7233,1,-1,-1,-1
188,2,1107.1707,123.551,106.1259,227.5035,1,-1,-1,-1
189,2,1105.0323,123.4718,110.7111,226.2872,1,-1,-1,-1
190,2,1136.4877,127.0726,80.3515,230.9735,1,-1,-1,-1
191,4,937.7084,129.954,59.2994,230.5015,1,-1,-1,-1
192,4,937.3942,128.4502,59.9186,231.7426,1,-1,-1,-1
193,2,1103.842,125.2131,114.3582,213.5318,1,-1,-1,-1
194,4,937.8979,127.5896,59.1474,233.6123,1,-1,-1,-1
195,2,1112.1399,125.6731,108.1014,211.5526,1,-1,-1,-1
196,4,937.7169,128.3502,58.9964,231.9683,1,-1,-1,-1
197,4,937.7007,127.912,58.8487,233.1676,1,-1,-1,-1
1,4,1155.0397,381.3058,163.0664,234.2024,1,-1,-1,-1
2,4,1153.5933,383.9856,164.5369,245.2857,1,-1,-1,-1
3,4,1149.6719,384.3207,171.3768,251.2553,1,-1,-1,-1
4,4,1147.1923,381.0447,168.3242,250.8614,1,-1,-1,-1
5,4,1143.9755,376.0647,168.0074,257.7275,1,-1,-1,-1
6,4,1146.2015,369.2429,159.6864,268.8219,1,-1,-1,-1
7,4,1149.4681,369.2268,151.699,272.8546,1,-1,-1,-1
8,5,1409.4672,365.0303,141.2863,303.3506,1,-1,-1,-1
9,5,1410.3336,361.5723,138.2958,309.6337,1,-1,-1,-1
10,5,1409.8901,359.7316,143.4673,302.7849,1,-1,-1,-1
11,5,1411.6367,358.9928,143.2178,292.6863,1,-1,-1,-1
12,5,1408.7365,353.8666,142.5572,299.0503,1,-1,-1,-1
13,5,1404.6503,352.6135,145.3906,302.5901,1,-1,-1,-1
14,5,1407.7437,350.6651,143.1645,300.9329,1,-1,-1,-1
15,5,1407.2577,349.0866,145.8899,312.5931,1,-1,-1,-1
16,4,1122.4633,348.9984,141.2898,284.5012,1,-1,-1,-1
17,4,1118.2164,344.7584,140.2096,292.2736,1,-1,-1,-1
18,4,1109.7925,343.8703,145.0001,293.1157,1,-1,-1,-1
19,4,1109.5573,342.2847,135.8764,293.0316,1,-1,-1,-1
20,4,1109.8678,336.0063,130.6764,298.9692,1,-1,-1,-1
21,4,1107.9983,335.4336,130.3492,295.4326,1,-1,-1,-1
22,4,1109.7294,335.5502,123.8369,291.2383,1,-1,-1,-1
23,4,1106.5024,331.5523,121.1753,284.1956,1,-1,-1,-1
24,4,1087.0198,325.7015,132.9054,278.8049,1,-1,-1,-1
25,4,1090.7948,325.5244,121.5713,271.4858,1,-1,-1,-1
26,5,1444.7947,323.9399,142.7937,277.2279,1,-1,-1,-1
27,5,1451.099,320.9893,141.8197,278.8375,1,-1,-1,-1
28,4,1088.9447,317.2845,102.3917,272.962,1,-1,-1,-1
29,4,1081.4117,314.6777,102.415,277.4146,1,-1,-1,-1
30,5,1464.1152,317.4365,135.6027,281.1151,1,-1,-1,-1
31,4,1074.1755,315.8258,106.1943,275.2355,1,-1,-1,-1
32,4,1070.2185,313.4561,107.9319,276.5972,1,-1,-1,-1
33,4,1063.6605,310.9104,114.022,278.6451,1,-1,-1,-1
34,5,1467.1437,310.5383,133.919,292.2718,1,-1,-1,-1
35,4,1053.8329,306.0049,104.881,285.7337,1,-1,-1,-1
36,5,1469.0791,304.2244,132.4636,294.6974,1,-1,-1,-1
37,4,1048.99,297.4691,97.5198,294.3486,1,-1,-1,-1
38,5,1487.4492,297.6035,116.1906,269.3541,1,-1,-1,-1
39,4,1041.1276,287.5646,105.2789,286.9318,1,-1,-1,-1
40,5,1491.584,294.6103,115.2495,235.838,1,-1,-1,-1
41,4,1008.8676,279.2706,105.4716,302.6035,1,-1,-1,-1
42,4,996.7735,272.6741,121.556,288.8101,1,-1,-1,-1
43,4,998.6086,274.3837,108.5682,215.5379,1,-1,-1,-1
44,4,1007.1898,271.9433,90.4389,179.8007,1,-1,-1,-1
45,5,1498.0803,280.1724,120.4874,254.2657,1,-1,-1,-1
46,5,1498.885,278.3434,119.5264,255.7124,1,-1,-1,-1
47,5,1499.6542,277.3199,119.1212,255.9795,1,-1,-1,-1
48,5,1500.1969,277.4099,118.3174,255.3264,1,-1,-1,-1
49,4,957.1784,250.9912,137.4006,280.8181,1,-1,-1,-1
50,4,953.2845,265.2953,115.3782,253.5214,1,-1,-1,-1
51,4,958.1654,263.4349,100.7208,262.6233,1,-1,-1,-1
52,4,930.9208,267.8444,122.8445,247.8008,1,-1,-1,-1
53,4,926.5453,261.146,117.8301,253.6649,1,-1,-1,-1
54,4,926.398,257.0726,111.0643,264.1935,1,-1,-1,-1
55,5,1499.5701,265.7911,115.9701,259.1617,1,-1,-1,-1
56,4,927.8509,254.5194,98.8713,259.1463,1,-1,-1,-1
57,4,926.8198,248.3707,95.1529,262.6778,1,-1,-1,-1
58,4,920.2467,247.521,97.4664,259.7725,1,-1,-1,-1
59,4,915.9641,244.9155,93.5777,262.3695,1,-1,-1,-1
60,4,915.1127,242.5944,90.8524,265.0346,1,-1,-1,-1
61,4,913.1598,239.8804,90.8677,267.9041,1,-1,-1,-1
62,4,902.8053,235.8748,96.4048,273.559,1,-1,-1,-1
63,5,1492.6246,249.2982,118.8695,253.3292,1,-1,-1,-1
64,4,885.2676,236.0045,102.8962,272.6078,1,-1,-1,-1
65,4,875.1608,232.1604,110.7518,275.1581,1,-1,-1,-1
66,5,1480.4314,243.7196,128.6969,257.7081,1,-1,-1,-1
67,4,861.2565,229.434,118.752,278.7377,1,-1,-1,-1
68,4,853.0166,227.5309,125.2756,280.0993,1,-1,-1,-1
69,4,850.8524,227.3229,126.1212,277.4643,1,-1,-1,-1
70,4,851.009,222.2416,123.5285,280.8081,1,-1,-1,-1
71,4,843.2864,218.9665,129.5071,276.4997,1,-1,-1,-1
72,4,844.2723,215.9163,125.186,275.9486,1,-1,-1,-1
73,4,841.5634,212.5339,124.9116,274.6793,1,-1,-1,-1
74,4,847.0379,209.9154,118.5196,256.6221,1,-1,-1,-1
75,4,853.8094,209.0188,113.6844,245.105,1,-1,-1,-1
76,4,853.0938,204.5604,114.8451,256.7221,1,-1,-1,-1
77,3,991.7386,201.4734,154.3246,244.4782,1,-1,-1,-1
78,3,991.6638,202.0674,155.7335,244.6011,1,-1,-1,-1
79,3,991.4656,201.1868,153.9535,245.6945,1,-1,-1,-1
80,3,991.375,202.1937,150.5175,246.8909,1,-1,-1,-1
81,3,991.2524,201.6847,151.7139,246.2217,1,-1,-1,-1
82,3,990.4264,201.1725,150.5394,248.7477,1,-1,-1,-1
83,3,991.802,199.353,154.6108,248.234,1,-1,-1,-1
84,3,992.4715,199.7034,148.8478,248.0403,1,-1,-1,-1
85,3,990.0496,201.5004,140.9052,245.0532,1,-1,-1,-1
86,3,991.7211,201.462,140.9848,245.6611,1,-1,-1,-1
87,3,991.7219,201.376,140.7133,244.8284,1,-1,-1,-1
88,3,991.4702,201.2366,142.8853,244.8024,1,-1,-1,-1
89,5,1447.5609,199.2488,105.3134,264.3975,1,-1,-1,-1
90,5,1443.5151,194.8109,106.3792,262.5461,1,-1,-1,-1
91,5,1439.4802,190.4912,107.3958,264.4334,1,-1,-1,-1
92,5,1434.394,189.1883,110.8002,260.1478,1,-1,-1,-1
93,5,1431.7367,188.8306,110.7091,256.267,1,-1,-1,-1
94,5,1430.5331,184.7497,110.329,262.3757,1,-1,-1,-1
95,5,1425.921,185.0577,113.6485,248.2893,1,-1,-1,-1
96,5,1428.3351,181.6978,106.2007,234.964,1,-1,-1,-1
97,5,1426.4183,175.0061,105.7923,233.273,1,-1,-1,-1
98,5,1424.5359,173.3365,104.8729,242.7482,1,-1,-1,-1
99,5,1423.7107,173.6425,102.5936,244.1438,1,-1,-1,-1
100,5,1420.6234,170.5133,102.8861,246.2944,1,-1,-1,-1
101,5,1417.2598,166.5812,101.7613,251.502,1,-1,-1,-1
102,5,1413.9692,163.5051,103.1908,253.9102,1,-1,-1,-1
103,5,1409.7067,163.4052,104.2492,249.709,1,-1,-1,-1
104,5,1396.6429,162.9783,113.8396,256.1125,1,-1,-1,-1
105,5,1382.6454,161.7877,123.2878,255.9662,1,-1,-1,-1
106,3,993.5119,201.6477,106.2039,236.0308,1,-1,-1,-1
107,5,1378.3739,162.1336,120.4839,251.6487,1,-1,-1,-1
108,5,1380.314,162.0103,115.0341,245.2743,1,-1,-1,-1
109,3,997.2729,203.3587,98.6768,233.0385,1,-1,-1,-1
110,5,1385.2397,157.6295,98.9522,238.7635,1,-1,-1,-1
111,5,1381.6143,155.5734,96.9122,222.0754,1,-1,-1,-1
112,5,1384.6823,151.9653,94.5218,227.0982,1,-1,-1,-1
113,5,1378.0035,151.0388,94.7823,226.9937,1,-1,-1,-1
114,5,1375.4783,149.8464,93.7339,228.5833,1,-1,-1,-1
115,5,1370.9752,146.0949,94.3744,230.4043,1,-1,-1,-1
116,3,998.0932,203.2957,98.9931,233.7294,1,-1,-1,-1
117,4,899.4086,141.4447,99.0747,236.3936,1,-1,-1,-1
118,4,904.2632,140.8129,97.0455,237.4972,1,-1,-1,-1
119,2,1122.4309,142.3406,120.6344,253.5353,1,-1,-1,-1
120,4,916.7644,142.7136,87.837,239.0414,1,-1,-1,-1
121,2,1128.9786,146.543,112.29,248.0473,1,-1,-1,-1
122,2,1123.1058,146.9999,121.396,247.9016,1,-1,-1,-1
123,2,1117.4678,147.7379,127.3337,246.0643,1,-1,-1,-1
124,2,1116.1572,149.1136,130.2033,247.3501,1,-1,-1,-1
125,2,1114.6139,147.681,131.0763,248.2686,1,-1,-1,-1
126,2,1113.3832,149.0053,131.1999,247.7934,1,-1,-1,-1
127,4,999.2503,202.794,88.5025,235.5405,1,-1,-1,-1
128,2,1118.0892,150.3312,127.8631,248.3074,1,-1,-1,-1
129,2,1119.0525,149.9661,126.2482,245.6145,1,-1,-1,-1
130,2,1115.1415,148.0515,132.0431,248.9042,1,-1,-1,-1
131,2,1114.8234,146.8323,133.4906,252.2567,1,-1,-1,-1
132,2,1117.4219,146.1633,127.936,251.6511,1,-1,-1,-1
133,2,1115.1454,144.0515,132.0222,251.2502,1,-1,-1,-1
134,2,1116.2228,143.5961,130.957,249.6321,1,-1,-1,-1
135,2,1116.1237,142.7353,128.4094,252.5031,1,-1,-1,-1
136,2,1122.7566,144.3081,122.1074,253.581,1,-1,-1,-1
137,3,998.7006,204.5758,79.0841,239.2923,1,-1,-1,-1
138,2,1126.9554,142.4964,128.2627,255.0421,1,-1,-1,-1
139,2,1131.2041,142.8182,128.683,255.6584,1,-1,-1,-1
140,2,1131.9559,143.992,123.0951,254.0301,1,-1,-1,-1
141,2,1132.8451,147.0651,113.4287,248.3147,1,-1,-1,-1
142,2,1135.994,146.0827,110.4253,249.4637,1,-1,-1,-1
143,4,935.7065,128.9452,68.2162,227.1653,1,-1,-1,-1
144,4,935.9469,129.0271,68.2809,228.2537,1,-1,-1,-1
145,4,936.2026,128.8259,69.6943,228.6244,1,-1,-1,-1
146,2,1119.7769,140.4805,116.7241,254.9654,1,-1,-1,-1
147,2,1118.6539,140.7697,117.1656,255.3771,1,-1,-1,-1
148,2,1118.9338,139.3297,116.6363,256.071,1,-1,-1,-1
149,3,998.2325,204.168,80.0354,242.3841,1,-1,-1,-1
150,2,1115.8309,136.2745,120.56,259.453,1,-1,-1,-1
151,2,1123.6245,134.2812,107.9606,262.543,1,-1,-1,-1
152,2,1148.4508,137.5285,82.3367,254.0554,1,-1,-1,-1
153,4,937.4111,132.7341,64.8573,231.6629,1,-1,-1,-1
154,2,1152.3329,133.1563,67.113,251.5861,1,-1,-1,-1
155,4,936.6177,131.4711,65.3029,231.438,1,-1,-1,-1
156,2,1154.0026,133.1279,64.1587,263.5557,1,-1,-1,-1
157,2,1143.5944,132.7438,69.1726,253.351,1,-1,-1,-1
158,2,1144.6112,131.4754,67.1459,256.8304,1,-1,-1,-1
159,4,937.157,130.7572,64.9474,232.6428,1,-1,-1,-1
160,2,1138.7316,133.541,70.6259,125.8686,1,-1,-1,-1
161,4,938.5999,132.3883,64.7875,224.8232,1,-1,-1,-1
162,4,938.3848,132.0735,64.521,224.3141,1,-1,-1,-1
163,4,938.4278,132.2851,63.5508,224.432,1,-1,-1,-1
164,4,937.8302,128.9811,62.356,232.4031,1,-1,-1,-1
165,4,937.7356,129.349,62.9213,231.3627,1,-1,-1,-1
166,2,1123.6061,128.9211,78.2129,131.6854,1,-1,-1,-1
167,4,937.3274,133.0555,63.0508,229.3524,1,-1,-1,-1
168,2,1120.4344,130.216,81.0702,197.6763,1,-1,-1,-1
169,4,938.2191,126.8347,64.1078,232.6197,1,-1,-1,-1
170,4,937.9814,129.0319,62.6449,230.1632,1,-1,-1,-1
171,4,937.7164,129.4224,62.6351,230.3253,1,-1,-1,-1
172,2,1114.7655,127.2732,84.1448,134.0929,1,-1,-1,-1
173,2,1114.3027,126.6387,85.4938,135.2374,1,-1,-1,-1
174,2,1123.8286,128.2684,76.4594,134.5324,1,-1,-1,-1
175,4,938.2762,128.886,60.7049,231.9032,1,-1,-1,-1
176,2,1116.4954,128.8941,86.7526,224.5413,1,-1,-1,-1
177,4,937.6873,128.7749,60.9101,232.226,1,-1,-1,-1
178,4,937.5792,128.2198,60.3227,236.3519,1,-1,-1,-1
179,2,1134.7678,132.353,72.548,201.2574,1,-1,-1,-1
180,4,937.6608,129.0616,60.2213,233.5116,1,-1,-1,-1
181,2,1125.3568,132.3855,77.7977,222.94,1,-1,-1,-1
182,3,989.8226,200.9197,90.7959,240.1897,1,-1,-1,-1
183,4,937.2032,127.5865,60.6609,234.1451,1,-1,-1,-1
184,3,986.0723,201.8159,94.3432,238.23,1,-1,-1,-1
185,4,937.7562,127.6829,59.6774,234.9296,1,-1,-1,-1
186,4,937.5807,128.3747,60.003,232.7104,1,-1,-1,-1
187,4,937.5723,129.3634,59.5452,232.2734,1,-1,-1,-1
188,4,937.3839,128.3947,60.2327,232.2933,1,-1,-1,-1
189,4,937.5429,128.3725,59.7932,233.4019,1,-1,-1,-1
190,4,937.5715,128.9117,59.5457,232.3993,1,-1,-1,-1
191,2,1100.7513,130.9003,115.5628,205.1304,1,-1,-1,-1
192,2,1095.7848,130.9698,123.4932,207.7501,1,-1,-1,-1
193,4,937.5595,127.7076,59.5931,233.3486,1,-1,-1,-1
194,2,1103.6307,131.0345,114.5364,202.5456,1,-1,-1,-1
195,4,937.85,127.8935,58.9856,233.1828,1,-1,-1,-1
196,2,1111.821,128.5236,108.8273,237.1272,1,-1,-1,-1
197,2,1108.9664,129.5278,112.5534,233.4097,1,-1,-1,-1
1,5,1401.2273,403.3231,139.4741,322.4895,1,-1,-1,-1
2,5,1400.9573,391.1549,138.7563,339.4532,1,-1,-1,-1
3,5,1401.5142,385.8653,139.613,334.8108,1,-1,-1,-1
4,5,1402.8356,382.154,140.3313,328.9642,1,-1,-1,-1
5,5,1403.0914,377.5846,142.4705,317.2742,1,-1,-1,-1
6,5,1404.4508,373.4891,141.5591,307.7894,1,-1,-1,-1
7,5,1406.2588,369.3187,141.067,301.7063,1,-1,-1,-1
8,4,1153.458,366.0779,141.8018,279.2643,1,-1,-1,-1
9,4,1154.62,365.1402,139.1804,280.9918,1,-1,-1,-1
10,4,1156.863,365.1538,132.2494,283.8997,1,-1,-1,-1
11,4,1154.2266,360.7603,130.682,285.5902,1,-1,-1,-1
12,4,1149.2804,364.2177,134.7959,278.1217,1,-1,-1,-1
13,4,1140.72,364.5623,137.4738,269.0446,1,-1,-1,-1
14,4,1135.6774,352.385,136.8032,284.1471,1,-1,-1,-1
15,4,1134.7328,358.7963,134.7229,275.731,1,-1,-1,-1
16,5,1407.9797,349.5986,147.6542,307.8973,1,-1,-1,-1
17,5,1405.6716,348.9682,152.9788,304.8375,1,-1,-1,-1
18,5,1406.4789,348.6244,154.66,301.8344,1,-1,-1,-1
19,5,1408.2457,348.0794,156.5469,296.5903,1,-1,-1,-1
20,5,1411.2931,342.6623,157.8592,289.7245,1,-1,-1,-1
21,5,1415.6217,340.5289,157.3001,286.9602,1,-1,-1,-1
22,5,1417.0786,338.0715,159.5681,280.0103,1,-1,-1,-1
23,5,1422.8226,338.0744,156.3159,270.7842,1,-1,-1,-1
24,5,1435.0912,331.2887,148.7184,272.7118,1,-1,-1,-1
25,5,1440.252,327.4535,143.9741,273.7378,1,-1,-1,-1
26,4,1091.7751,323.9603,112.4805,269.511,1,-1,-1,-1
27,4,1090.1879,321.3251,104.0996,270.12,1,-1,-1,-1
28,5,1460.1774,318.8057,134.6476,274.8665,1,-1,-1,-1
29,5,1462.0399,317.428,133.4761,282.3915,1,-1,-1,-1
31,5,1468.1229,316.8046,131.6361,281.3141,1,-1,-1,-1
32,5,1467.5953,315.8062,132.3163,287.2879,1,-1,-1,-1
33,5,1467.5103,314.3359,132.5986,288.6412,1,-1,-1,-1
34,4,1053.3185,310.6535,112.2492,280.0011,1,-1,-1,-1
35,5,1465.7623,307.924,135.4563,292.5452,1,-1,-1,-1
36,4,1049.2222,305.766,97.2911,283.5132,1,-1,-1,-1
37,5,1481.448,298.6361,120.3175,295.9951,1,-1,-1,-1
39,5,1489.8645,296.0965,114.0828,243.8714,1,-1,-1,-1
41,5,1493.5626,292.0221,115.7057,240.1004,1,-1,-1,-1
42,5,1496.0052,288.1703,119.8235,242.9549,1,-1,-1,-1
43,5,1497.0331,285.9453,119.8758,246.4949,1,-1,-1,-1
44,5,1496.9934,282.6427,120.8626,251.1616,1,-1,-1,-1
49,5,1501.0074,273.0783,117.293,253.9609,1,-1,-1,-1
50,5,1500.2928,274.4138,117.1647,259.5539,1,-1,-1,-1
51,5,1501.183,271.233,116.4142,260.7479,1,-1,-1,-1
52,5,1501.3069,273.2771,115.9226,260.6082,1,-1,-1,-1
53,5,1500.3884,269.0243,116.3772,258.6189,1,-1,-1,-1
54,5,1502.1758,268.1363,114.5462,261.107,1,-1,-1,-1
56,5,1498.2206,262.736,116.9618,265.0374,1,-1,-1,-1
57,5,1496.3618,259.7456,118.1746,267.0578,1,-1,-1,-1
58,5,1494.5487,257.6147,117.9534,266.7439,1,-1,-1,-1
59,5,1493.6532,254.2387,118.8146,254.5305,1,-1,-1,-1
60,5,1493.2482,253.3939,117.735,251.8373,1,-1,-1,-1
61,5,1492.0436,249.9318,119.2586,252.8563,1,-1,-1,-1
62,5,1493.0326,249.7355,118.4351,253.9803,1,-1,-1,-1
64,5,1489.736,246.7212,120.8387,253.9574,1,-1,-1,-1
65,5,1485.2531,245.3407,124.4272,255.7208,1,-1,-1,-1
67,5,1480.7455,240.9069,124.2023,258.0373,1,-1,-1,-1
68,5,1475.4446,237.6248,129.1745,265.4998,1,-1,-1,-1
69,5,1472.7903,237.0481,127.7767,263.0702,1,-1,-1,-1
70,5,1471.9897,234.4657,127.3895,265.8636,1,-1,-1,-1
71,5,1470.9081,232.3224,126.06,268.1174,1,-1,-1,-1
72,5,1466.0415,231.6415,129.4928,266.7555,1,-1,-1,-1
73,5,1464.8827,228.831,129.2771,266.2848,1,-1,-1,-1
74,5,1464.443,227.0067,126.7732,267.2501,1,-1,-1,-1
75,5,1465.6423,226.5141,123.1368,266.754,1,-1,-1,-1
76,5,1466.4794,225.4032,119.1898,265.1756,1,-1,-1,-1
77,5,1468.8914,216.2082,114.5781,270.4166,1,-1,-1,-1
78,5,1467.2322,213.7354,114.0771,262.1946,1,-1,-1,-1
79,5,1466.6652,213.7074,109.9935,256.1061,1,-1,-1,-1
80,5,1466.8597,210.0371,109.1003,256.1074,1,-1,-1,-1
81,5,1466.0729,208.7486,107.6727,256.9517,1,-1,-1,-1
82,5,1465.328,204.1573,106.8184,254.1018,1,-1,-1,-1
83,5,1463.8208,203.3728,106.8556,254.5704,1,-1,-1,-1
84,5,1461.2856,202.693,106.9009,260.3288,1,-1,-1,-1
85,5,1459.416,202.4427,105.1994,262.7291,1,-1,-1,-1
86,5,1457.2932,202.2525,102.875,261.6207,1,-1,-1,-1
87,5,1451.1725,202.3443,107.5533,262.9057,1,-1,-1,-1
88,5,1449.8636,201.6972,105.7699,262.582,1,-1,-1,-1
89,3,991.6127,201.9772,142.5811,244.3046,1,-1,-1,-1
90,3,991.0264,203.2724,141.5968,246.0257,1,-1,-1,-1
91,3,992.0537,202.9743,140.8805,246.0247,1,-1,-1,-1
92,3,992.0291,202.7705,142.1779,245.4494,1,-1,-1,-1
93,3,993.1279,203.1226,140.9693,242.5911,1,-1,-1,-1
94,3,994.2743,201.5705,135.0611,246.2513,1,-1,-1,-1
95,3,994.4626,204.0862,122.7623,240.5231,1,-1,-1,-1
96,3,993.6821,204.709,120.8396,240.4288,1,-1,-1,-1
97,3,992.7876,203.101,122.4248,242.3345,1,-1,-1,-1
98,3,994.9387,203.5296,116.9867,241.5335,1,-1,-1,-1
99,3,994.3464,203.2782,117.24,240.4893,1,-1,-1,-1
100,3,994.9916,203.1019,115.0648,240.2107,1,-1,-1,-1
101,3,994.5961,202.7944,112.2619,239.6842,1,-1,-1,-1
102,3,992.3106,203.688,112.2392,233.0376,1,-1,-1,-1
103,3,994.6112,201.4349,107.7479,236.3508,1,-1,-1,-1
104,3,994.8372,202.5881,107.4779,235.6078,1,-1,-1,-1
105,3,994.8327,202.6308,106.2172,236.2735,1,-1,-1,-1
107,3,995.642,202.0668,102.5298,235.9613,1,-1,-1,-1
108,3,996.7696,202.6618,100.1852,235.0902,1,-1,-1,-1
110,3,997.1141,202.1073,97.2317,234.1361,1,-1,-1,-1
111,3,995.5693,203.2961,101.518,233.6134,1,-1,-1,-1
112,3,996.4468,203.3894,101.7497,232.6874,1,-1,-1,-1
113,3,998.0892,202.6819,100.104,234.3979,1,-1,-1,-1
114,3,996.7213,203.1582,103.6735,234.2569,1,-1,-1,-1
115,3,999.327,204.0778,101.8657,233.8148,1,-1,-1,-1
117,3,999.3609,203.7538,96.4813,233.8512,1,-1,-1,-1
118,3,1000.1727,203.7827,96.099,235.5006,1,-1,-1,-1
119,3,1000.9091,203.7836,98.068,234.9,1,-1,-1,-1
120,3,1000.8558,204.2911,98.6488,238.2235,1,-1,-1,-1
121,3,999.3661,204.399,102.6106,236.3645,1,-1,-1,-1
122,3,1000.0368,204.6875,99.6312,235.7249,1,-1,-1,-1
123,3,1000.4418,204.2489,97.0383,236.645,1,-1,-1,-1
124,3,1000.2319,204.6304,102.4825,237.0972,1,-1,-1,-1
125,3,999.6411,205.4849,101.8793,235.8004,1,-1,-1,-1
126,3,1001.1058,202.9003,91.862,235.3878,1,-1,-1,-1
128,3,1000.2443,202.3385,87.508,236.4419,1,-1,-1,-1
129,3,997.0441,203.8105,81.6053,240.1719,1,-1,-1,-1
130,3,997.1503,201.9503,83.3246,236.649,1,-1,-1,-1
131,3,994.5344,201.7248,84.3047,236.3643,1,-1,-1,-1
132,3,998.6393,200.6076,80.4472,237.5073,1,-1,-1,-1
133,3,997.2063,201.4883,82.2441,238.0617,1,-1,-1,-1
134,3,995.7204,203.8692,81.8642,239.5861,1,-1,-1,-1
135,3,997.6667,204.0774,80.4211,240.3026,1,-1,-1,-1
136,3,998.1495,205.0338,79.433,238.2605,1,-1,-1,-1
138,3,998.6592,204.1819,78.5227,239.5846,1,-1,-1,-1
139,3,999.2812,203.6268,78.602,240.4119,1,-1,-1,-1
140,3,999.8663,204.9819,77.2963,239.2328,1,-1,-1,-1
141,3,999.9084,205.2654,77.2696,238.2684,1,-1,-1,-1
142,3,999.6974,205.0929,78.2587,239.5605,1,-1,-1,-1
143,2,1138.4868,145.8867,100.2661,248.2167,1,-1,-1,-1
144,2,1122.844,143.7211,111.7413,253.1689,1,-1,-1,-1
145,2,1114.2103,141.9868,121.4795,258.0303,1,-1,-1,-1
146,3,1000.716,201.5518,81.331,239.5119,1,-1,-1,-1
147,3,998.9227,203.1975,79.1443,243.3295,1,-1,-1,-1
148,3,998.5693,203.2696,79.7679,242.8806,1,-1,-1,-1
150,3,998.2686,204.079,79.3571,241.4945,1,-1,-1,-1
151,3,998.4666,203.0349,78.9327,243.0101,1,-1,-1,-1
152,3,997.3311,202.0182,81.8834,238.2281,1,-1,-1,-1
153,3,998.6733,201.16,82.048,239.097,1,-1,-1,-1
154,3,997.4583,201.2904,81.7335,238.3769,1,-1,-1,-1
155,3,993.2536,201.7446,85.7338,238.4108,1,-1,-1,-1
156,3,992.9727,201.7925,85.6662,237.9641,1,-1,-1,-1
157,3,990.9671,202.0295,88.8614,238.6932,1,-1,-1,-1
158,3,995.309,201.3279,85.5291,239.7026,1,-1,-1,-1
159,3,993.4008,201.7344,86.2834,238.8506,1,-1,-1,-1
160,3,993.6712,201.5349,86.8594,239.2645,1,-1,-1,-1
161,3,992.0988,200.9279,88.5831,239.2942,1,-1,-1,-1
162,3,991.2394,201.252,88.9952,238.6505,1,-1,-1,-1
163,3,988.2684,201.5271,91.5794,238.669,1,-1,-1,-1
164,3,994.6773,201.6067,86.5394,239.5612,1,-1,-1,-1
165,3,998.3054,200.1629,82.4634,240.8531,1,-1,-1,-1
166,3,1001.1957,200.3629,80.3186,241.0565,1,-1,-1,-1
167,3,999.2798,204.1785,81.709,242.1917,1,-1,-1,-1
168,3,999.5623,203.2705,81.2799,242.3948,1,-1,-1,-1
169,3,1001.8961,199.7051,79.8362,241.5907,1,-1,-1,-1
170,3,1002.1898,200.046,79.7981,241.4226,1,-1,-1,-1
171,3,1002.459,199.6983,79.6789,241.7188,1,-1,-1,-1
172,3,1001.8555,199.4439,81.3015,242.1883,1,-1,-1,-1
173,3,1000.605,199.7061,82.5148,241.0932,1,-1,-1,-1
174,3,1000.4928,199.861,82.0341,240.9296,1,-1,-1,-1
175,3,1000.2165,198.9383,81.3707,242.0459,1,-1,-1,-1
176,3,998.6737,199.5953,81.7719,241.3627,1,-1,-1,-1
177,3,997.8128,199.4791,83.0057,241.4626,1,-1,-1,-1
178,3,994.7484,199.3013,85.2819,241.4164,1,-1,-1,-1
179,3,995.886,200.3125,85.8443,239.6977,1,-1,-1,-1
180,3,996.8763,199.9062,85.1376,239.6947,1,-1,-1,-1
181,3,987.2879,200.8241,91.9671,240.141,1,-1,-1,-1
183,3,984.4741,201.2546,96.0231,239.699,1,-1,-1,-1
185,3,989.5521,200.9061,91.658,239.9261,1,-1,-1,-1
186,3,987.4964,200.8902,93.8423,240.0052,1,-1,-1,-1
187,3,987.3972,201.5439,94.3991,239.3161,1,-1,-1,-1
188,3,993.5963,200.6013,88.9396,239.1016,1,-1,-1,-1
189,3,992.3985,201.6913,89.3541,238.1384,1,-1,-1,-1
190,3,993.5865,201.0295,88.0311,238.5945,1,-1,-1,-1
191,3,997.7754,201.0633,83.6316,237.8519,1,-1,-1,-1
192,3,997.7308,200.1519,84.8789,239.016,1,-1,-1,-1
193,3,994.3687,200.0925,87.0311,240.6961,1,-1,-1,-1
194,3,996.6312,199.9357,85.6975,240.9799,1,-1,-1,-1
195,3,997.5248,200.7131,84.8686,240.1844,1,-1,-1,-1
196,3,997.7947,202.1876,84.8476,238.3944,1,-1,-1,-1
197,3,998.2149,201.0712,83.946,240.1717,1,-1,-1,-1