1,1,1601.2469,21.1021,110.8969,179.3894,1,-1,-1,-1
2,1,1601.2469,21.1021,110.8969,179.3894,1,-1,-1,-1
3,1,1601.2469,21.1021,110.8969,179.3894,1,-1,-1,-1
4,1,1601.2469,21.1021,110.8969,179.3894,1,-1,-1,-1
5,1,1601.2469,21.1021,110.8969,179.3894,1,-1,-1,-1
6,1,1601.2469,21.1021,110.8969,179.3894,1,-1,-1,-1
7,1,1601.2469,21.1021,110.8969,179.3894,1,-1,-1,-1
8,1,1601.2469,21.1021,110.8969,179.3894,1,-1,-1,-1
9,1,1601.2469,21.1021,110.8969,179.3894,1,-1,-1,-1
10,1,1601.2469,21.1021,110.8969,179.3894,1,-1,-1,-1
11,1,1601.2469,21.1021,110.8969,179.3894,1,-1,-1,-1
12,1,1601.2469,21.1021,110.8969,179.3894,1,-1,-1,-1
13,1,1601.2469,21.1021,110.8969,179.3894,1,-1,-1,-1
14,1,1601.2469,21.1021,110.8969,179.3894,1,-1,-1,-1
15,1,1601.2469,21.1021,110.8969,179.3894,1,-1,-1,-1
16,1,1601.2469,21.1021,110.8969,179.3894,1,-1,-1,-1
17,1,1601.2469,21.1021,110.8969,179.3894,1,-1,-1,-1
18,1,1601.2469,21.1021,110.8969,179.3894,1,-1,-1,-1
19,1,1601.2469,21.1021,110.8969,179.3894,1,-1,-1,-1
20,1,1601.2469,21.1021,110.8969,179.3894,1,-1,-1,-1
21,1,1601.2469,21.1021,110.8969,179.3894,1,-1,-1,-1
22,1,1601.2469,21.1021,110.8969,179.3894,1,-1,-1,-1
23,1,1601.2469,21.1021,110.8969,179.3894,1,-1,-1,-1
24,1,1601.2469,21.1021,110.8969,179.3894,1,-1,-1,-1
25,1,1601.2469,21.1021,110.8969,179.3894,1,-1,-1,-1
26,1,1601.2469,21.1021,110.8969,179.3894,1,-1,-1,-1
27,1,1601.2469,21.1021,110.8969,179.3894,1,-1,-1,-1
28,1,1601.2469,21.1021,110.8969,179.3894,1,-1,-1,-1
29,1,1601.2469,21.1021,110.8969,179.3894,1,-1,-1,-1
30,1,1601.2469,21.1021,110.8969,179.3894,1,-1,-1,-1
31,1,1601.2469,21.1021,110.8969,179.3894,1,-1,-1,-1
32,1,1601.2469,21.1021,110.8969,179.3894,1,-1,-1,-1
33,1,1601.2469,21.1021,110.8969,179.3894,1,-1,-1,-1
34,1,1601.2469,21.1021,110.8969,179.3894,1,-1,-1,-1
35,1,1601.2469,21.1021,110.8969,179.3894,1,-1,-1,-1
36,1,1601.2469,21.1021,110.8969,179.3894,1,-1,-1,-1
37,1,1601.2469,21.1021,110.8969,179.3894,1,-1,-1,-1
38,1,1601.2469,21.1021,110.8969,179.3894,1,-1,-1,-1
39,1,1601.2469,21.1021,110.8969,179.3894,1,-1,-1,-1
40,1,1601.2469,21.1021,110.8969,179.3894,1,-1,-1,-1
41,1,1601.2469,21.1021,110.8969,179.3894,1,-1,-1,-1
42,1,1601.2469,21.1021,110.8969,179.3894,1,-1,-1,-1
43,1,1601.2469,21.1021,110.8969,179.3894,1,-1,-1,-1
44,1,1601.2469,21.1021,110.8969,179.3894,1,-1,-1,-1
45,1,1601.2469,21.1021,110.8969,179.3894,1,-1,-1,-1
46,1,1601.2469,21.1021,110.8969,179.3894,1,-1,-1,-1
47,1,1601.2469,21.1021,110.8969,179.3894,1,-1,-1,-1
48,1,1601.2469,21.1021,110.8969,179.3894,1,-1,-1,-1
49,1,1601.2469,21.1021,110.8969,179.3894,1,-1,-1,-1
50,1,1601.2469,21.1021,110.8969,179.3894,1,-1,-1,-1
51,1,1601.2469,21.1021,110.8969,179.3894,1,-1,-1,-1
52,1,1601.2469,21.1021,110.8969,179.3894,1,-1,-1,-1
53,1,1601.2469,21.1021,110.8969,179.3894,1,-1,-1,-1
54,1,1601.2469,21.1021,110.8969,179.3894,1,-1,-1,-1
55,1,1601.2469,21.1021,110.8969,179.3894,1,-1,-1,-1
56,1,1601.2469,21.1021,110.8969,179.3894,1,-1,-1,-1
57,1,1601.2469,21.1021,110.8969,179.3894,1,-1,-1,-1
58,1,1601.2469,21.1021,110.8969,179.3894,1,-1,-1,-1
59,1,1601.2469,21.1021,110.8969,179.3894,1,-1,-1,-1
60,1,1601.2469,21.1021,110.8969,179.3894,1,-1,-1,-1
61,1,1601.2469,21.1021,110.8969,179.3894,1,-1,-1,-1
62,1,1601.2469,21.1021,110.8969,179.3894,1,-1,-1,-1
63,1,1601.2469,21.1021,110.8969,179.3894,1,-1,-1,-1
64,1,1601.2469,21.1021,110.8969,179.3894,1,-1,-1,-1
65,1,1601.2469,21.1021,110.8969,179.3894,1,-1,-1,-1
66,1,1601.2469,21.1021,110.8969,179.3894,1,-1,-1,-1
67,1,1601.2469,21.1021,110.8969,179.3894,1,-1,-1,-1
68,1,1601.2469,21.1021,110.8969,179.3894,1,-1,-1,-1
69,1,1601.2469,21.1021,110.8969,179.3894,1,-1,-1,-1
70,1,1601.2469,21.1021,110.8969,179.3894,1,-1,-1,-1
71,1,1601.2469,21.1021,110.8969,179.3894,1,-1,-1,-1
72,1,1601.2469,21.1021,110.8969,179.3894,1,-1,-1,-1
73,1,1601.2469,21.1021,110.8969,179.3894,1,-1,-1,-1
74,1,1601.2469,21.1021,110.8969,179.3894,1,-1,-1,-1
75,1,1601.2469,21.1021,110.8969,179.3894,1,-1,-1,-1
76,1,1601.2469,21.1021,110.8969,179.3894,1,-1,-1,-1
77,1,1601.2469,21.1021,110.8969,179.3894,1,-1,-1,-1
78,1,1601.2469,21.1021,110.8969,179.3894,1,-1,-1,-1
79,1,1601.2469,21.1021,110.8969,179.3894,1,-1,-1,-1
80,1,1601.2469,21.1021,110.8969,179.3894,1,-1,-1,-1
81,1,1601.2469,21.1021,110.8969,179.3894,1,-1,-1,-1
82,1,1601.2469,21.1021,110.8969,179.3894,1,-1,-1,-1
83,1,1601.2469,21.1021,110.8969,179.3894,1,-1,-1,-1
84,1,1601.2469,21.1021,110.8969,179.3894,1,-1,-1,-1
85,1,1601.2469,21.1021,110.8969,179.3894,1,-1,-1,-1
86,1,1601.2469,21.1021,110.8969,179.3894,1,-1,-1,-1
87,1,1601.2469,21.1021,110.8969,179.3894,1,-1,-1,-1
88,1,1601.2469,21.1021,110.8969,179.3894,1,-1,-1,-1
89,1,1601.2469,21.1021,110.8969,179.3894,1,-1,-1,-1
90,1,1601.2469,21.1021,110.8969,179.3894,1,-1,-1,-1
91,1,1601.2469,21.1021,110.8969,179.3894,1,-1,-1,-1
92,1,1601.2469,21.1021,110.8969,179.3894,1,-1,-1,-1
93,1,1601.2469,21.1021,110.8969,179.3894,1,-1,-1,-1
94,1,1601.2469,21.1021,110.8969,179.3894,1,-1,-1,-1
95,1,1601.2469,21.1021,110.8969,179.3894,1,-1,-1,-1
96,1,1601.2469,21.1021,110.8969,179.3894,1,-1,-1,-1
97,1,1601.2469,21.1021,110.8969,179.3894,1,-1,-1,-1
98,1,1601.2469,21.1021,110.8969,179.3894,1,-1,-1,-1
99,1,1601.2469,21.1021,110.8969,179.3894,1,-1,-1,-1
100,1,1601.2469,21.1021,110.8969,179.3894,1,-1,-1,-1
101,1,1601.2469,21.1021,110.8969,179.3894,1,-1,-1,-1
102,1,1601.2469,21.1021,110.8969,179.3894,1,-1,-1,-1
103,1,1601.2469,21.1021,110.8969,179.3894,1,-1,-1,-1
104,1,1601.2469,21.1021,110.8969,179.3894,1,-1,-1,-1
105,1,1601.2469,21.1021,110.8969,179.3894,1,-1,-1,-1
106,1,1601.2469,21.1021,110.8969,179.3894,1,-1,-1,-1
107,1,1601.2469,21.1021,110.8969,179.3894,1,-1,-1,-1
108,1,1601.2469,21.1021,110.8969,179.3894,1,-1,-1,-1
109,1,1601.2469,21.1021,110.8969,179.3894,1,-1,-1,-1
110,1,1601.2469,21.1021,110.8969,179.3894,1,-1,-1,-1
111,1,1601.2469,21.1021,110.8969,179.3894,1,-1,-1,-1
112,1,1601.2469,21.1021,110.8969,179.3894,1,-1,-1,-1
113,1,1601.2469,21.1021,110.8969,179.3894,1,-1,-1,-1
114,1,1601.2469,21.1021,110.8969,179.3894,1,-1,-1,-1
115,1,1601.2469,21.1021,110.8969,179.3894,1,-1,-1,-1
116,1,1601.2469,21.1021,110.8969,179.3894,1,-1,-1,-1
117,1,1601.2469,21.1021,110.8969,179.3894,1,-1,-1,-1
118,1,1601.2469,21.1021,110.8969,179.3894,1,-1,-1,-1
119,1,1601.2469,21.1021,110.8969,179.3894,1,-1,-1,-1
120,1,1601.2469,21.1021,110.8969,179.3894,1,-1,-1,-1
121,1,1601.2469,21.1021,110.8969,179.3894,1,-1,-1,-1
122,1,1601.2469,21.1021,110.8969,179.3894,1,-1,-1,-1
123,1,1601.2469,21.1021,110.8969,179.3894,1,-1,-1,-1
124,1,1601.2469,21.1021,110.8969,179.3894,1,-1,-1,-1
125,1,1601.2469,21.1021,110.8969,179.3894,1,-1,-1,-1
126,1,1601.2469,21.1021,110.8969,179.3894,1,-1,-1,-1
127,1,1601.2469,21.1021,110.8969,179.3894,1,-1,-1,-1
128,1,1601.2469,21.1021,110.8969,179.3894,1,-1,-1,-1
129,1,1601.2469,21.1021,110.8969,179.3894,1,-1,-1,-1
130,1,1601.2469,21.1021,110.8969,179.3894,1,-1,-1,-1
131,1,1601.2469,21.1021,110.8969,179.3894,1,-1,-1,-1
132,1,1601.2469,21.1021,110.8969,179.3894,1,-1,-1,-1
1,2,851.265,45.7377,104.8383,246.8517,1,-1,-1,-1
2,2,851.265,45.7377,104.8383,246.8517,1,-1,-1,-1
3,2,851.265,45.7377,104.8383,246.8517,1,-1,-1,-1
4,2,851.265,45.7377,104.8383,246.8517,1,-1,-1,-1
5,2,851.265,45.7377,104.8383,246.8517,1,-1,-1,-1
6,2,851.265,45.7377,104.8383,246.8517,1,-1,-1,-1
7,2,851.265,45.7377,104.8383,246.8517,1,-1,-1,-1
8,2,851.265,45.7377,104.8383,246.8517,1,-1,-1,-1
9,2,851.265,45.7377,104.8383,246.8517,1,-1,-1,-1
10,2,851.265,45.7377,104.8383,246.8517,1,-1,-1,-1
11,2,851.265,45.7377,104.8383,246.8517,1,-1,-1,-1
12,2,851.265,45.7377,104.8383,246.8517,1,-1,-1,-1
13,2,851.265,45.7377,104.8383,246.8517,1,-1,-1,-1
14,2,851.265,45.7377,104.8383,246.8517,1,-1,-1,-1
15,2,851.265,45.7377,104.8383,246.8517,1,-1,-1,-1
16,2,851.265,45.7377,104.8383,246.8517,1,-1,-1,-1
17,2,851.265,45.7377,104.8383,246.8517,1,-1,-1,-1
18,2,851.265,45.7377,104.8383,246.8517,1,-1,-1,-1
19,2,851.265,45.7377,104.8383,246.8517,1,-1,-1,-1
20,2,851.265,45.7377,104.8383,246.8517,1,-1,-1,-1
21,2,851.265,45.7377,104.8383,246.8517,1,-1,-1,-1
22,2,851.265,45.7377,104.8383,246.8517,1,-1,-1,-1
23,2,851.265,45.7377,104.8383,246.8517,1,-1,-1,-1
24,2,851.265,45.7377,104.8383,246.8517,1,-1,-1,-1
25,2,851.265,45.7377,104.8383,246.8517,1,-1,-1,-1
26,2,851.265,45.7377,104.8383,246.8517,1,-1,-1,-1
27,2,851.265,45.7377,104.8383,246.8517,1,-1,-1,-1
28,2,851.265,45.7377,104.8383,246.8517,1,-1,-1,-1
29,2,851.265,45.7377,104.8383,246.8517,1,-1,-1,-1
30,2,851.265,45.7377,104.8383,246.8517,1,-1,-1,-1
31,2,851.265,45.7377,104.8383,246.8517,1,-1,-1,-1
32,2,851.265,45.7377,104.8383,246.8517,1,-1,-1,-1
33,2,851.265,45.7377,104.8383,246.8517,1,-1,-1,-1
34,2,851.265,45.7377,104.8383,246.8517,1,-1,-1,-1
35,2,851.265,45.7377,104.8383,246.8517,1,-1,-1,-1
36,2,851.265,45.7377,104.8383,246.8517,1,-1,-1,-1
37,2,851.265,45.7377,104.8383,246.8517,1,-1,-1,-1
38,2,851.265,45.7377,104.8383,246.8517,1,-1,-1,-1
39,2,851.265,45.7377,104.8383,246.8517,1,-1,-1,-1
40,2,851.265,45.7377,104.8383,246.8517,1,-1,-1,-1
41,2,851.265,45.7377,104.8383,246.8517,1,-1,-1,-1
42,2,851.265,45.7377,104.8383,246.8517,1,-1,-1,-1
43,2,851.265,45.7377,104.8383,246.8517,1,-1,-1,-1
44,2,851.265,45.7377,104.8383,246.8517,1,-1,-1,-1
45,2,851.265,45.7377,104.8383,246.8517,1,-1,-1,-1
46,2,851.265,45.7377,104.8383,246.8517,1,-1,-1,-1
47,2,851.265,45.7377,104.8383,246.8517,1,-1,-1,-1
48,2,851.265,45.7377,104.8383,246.8517,1,-1,-1,-1
49,2,851.265,45.7377,104.8383,246.8517,1,-1,-1,-1
50,2,851.265,45.7377,104.8383,246.8517,1,-1,-1,-1
51,2,851.265,45.7377,104.8383,246.8517,1,-1,-1,-1
52,2,851.265,45.7377,104.8383,246.8517,1,-1,-1,-1
53,2,851.265,45.7377,104.8383,246.8517,1,-1,-1,-1
54,2,851.265,45.7377,104.8383,246.8517,1,-1,-1,-1
55,2,851.265,45.7377,104.8383,246.8517,1,-1,-1,-1
56,2,851.265,45.7377,104.8383,246.8517,1,-1,-1,-1
57,2,851.265,45.7377,104.8383,246.8517,1,-1,-1,-1
58,2,851.265,45.7377,104.8383,246.8517,1,-1,-1,-1
59,2,851.265,45.7377,104.8383,246.8517,1,-1,-1,-1
60,2,851.265,45.7377,104.8383,246.8517,1,-1,-1,-1
61,2,851.265,45.7377,104.8383,246.8517,1,-1,-1,-1
62,2,851.265,45.7377,104.8383,246.8517,1,-1,-1,-1
63,2,851.265,45.7377,104.8383,246.8517,1,-1,-1,-1
64,2,851.265,45.7377,104.8383,246.8517,1,-1,-1,-1
65,2,851.265,45.7377,104.8383,246.8517,1,-1,-1,-1
66,2,851.265,45.7377,104.8383,246.8517,1,-1,-1,-1
67,2,851.265,45.7377,104.8383,246.8517,1,-1,-1,-1
68,2,851.265,45.7377,104.8383,246.8517,1,-1,-1,-1
69,2,851.265,45.7377,104.8383,246.8517,1,-1,-1,-1
70,2,851.265,45.7377,104.8383,246.8517,1,-1,-1,-1
71,2,851.265,45.7377,104.8383,246.8517,1,-1,-1,-1
72,2,851.265,45.7377,104.8383,246.8517,1,-1,-1,-1
73,2,851.265,45.7377,104.8383,246.8517,1,-1,-1,-1
74,2,851.265,45.7377,104.8383,246.8517,1,-1,-1,-1
75,2,851.265,45.7377,104.8383,246.8517,1,-1,-1,-1
76,2,851.265,45.7377,104.8383,246.8517,1,-1,-1,-1
77,2,851.265,45.7377,104.8383,246.8517,1,-1,-1,-1
78,2,851.265,45.7377,104.8383,246.8517,1,-1,-1,-1
79,2,851.265,45.7377,104.8383,246.8517,1,-1,-1,-1
80,2,851.265,45.7377,104.8383,246.8517,1,-1,-1,-1
81,2,851.265,45.7377,104.8383,246.8517,1,-1,-1,-1
82,2,851.265,45.7377,104.8383,246.8517,1,-1,-1,-1
83,2,851.265,45.7377,104.8383,246.8517,1,-1,-1,-1
84,2,851.265,45.7377,104.8383,246.8517,1,-1,-1,-1
85,2,851.265,45.7377,104.8383,246.8517,1,-1,-1,-1
86,2,851.265,45.7377,104.8383,246.8517,1,-1,-1,-1
87,2,851.265,45.7377,104.8383,246.8517,1,-1,-1,-1
88,2,851.265,45.7377,104.8383,246.8517,1,-1,-1,-1
89,2,851.265,45.7377,104.8383,246.8517,1,-1,-1,-1
90,2,851.265,45.7377,104.8383,246.8517,1,-1,-1,-1
91,2,851.265,45.7377,104.8383,246.8517,1,-1,-1,-1
92,2,851.265,45.7377,104.8383,246.8517,1,-1,-1,-1
93,2,851.265,45.7377,104.8383,246.8517,1,-1,-1,-1
94,2,851.265,45.7377,104.8383,246.8517,1,-1,-1,-1
95,2,851.265,45.7377,104.8383,246.8517,1,-1,-1,-1
96,2,851.265,45.7377,104.8383,246.8517,1,-1,-1,-1
97,2,851.265,45.7377,104.8383,246.8517,1,-1,-1,-1
98,2,851.265,45.7377,104.8383,246.8517,1,-1,-1,-1
99,2,851.265,45.7377,104.8383,246.8517,1,-1,-1,-1
100,2,851.265,45.7377,104.8383,246.8517,1,-1,-1,-1
101,2,851.265,45.7377,104.8383,246.8517,1,-1,-1,-1
102,2,851.265,45.7377,104.8383,246.8517,1,-1,-1,-1
103,2,851.265,45.7377,104.8383,246.8517,1,-1,-1,-1
104,2,851.265,45.7377,104.8383,246.8517,1,-1,-1,-1
105,2,851.265,45.7377,104.8383,246.8517,1,-1,-1,-1
106,2,851.265,45.7377,104.8383,246.8517,1,-1,-1,-1
107,2,851.265,45.7377,104.8383,246.8517,1,-1,-1,-1
108,2,851.265,45.7377,104.8383,246.8517,1,-1,-1,-1
109,2,851.265,45.7377,104.8383,246.8517,1,-1,-1,-1
110,2,851.265,45.7377,104.8383,246.8517,1,-1,-1,-1
111,2,851.265,45.7377,104.8383,246.8517,1,-1,-1,-1
112,2,851.265,45.7377,104.8383,246.8517,1,-1,-1,-1
113,2,851.265,45.7377,104.8383,246.8517,1,-1,-1,-1
114,2,851.265,45.7377,104.8383,246.8517,1,-1,-1,-1
115,2,851.265,45.7377,104.8383,246.8517,1,-1,-1,-1
116,2,851.265,45.7377,104.8383,246.8517,1,-1,-1,-1
117,2,851.265,45.7377,104.8383,246.8517,1,-1,-1,-1
118,2,851.265,45.7377,104.8383,246.8517,1,-1,-1,-1
119,2,851.265,45.7377,104.8383,246.8517,1,-1,-1,-1
120,2,851.265,45.7377,104.8383,246.8517,1,-1,-1,-1
121,2,851.265,45.7377,104.8383,246.8517,1,-1,-1,-1
122,2,851.265,45.7377,104.8383,246.8517,1,-1,-1,-1
123,2,851.265,45.7377,104.8383,246.8517,1,-1,-1,-1
124,2,851.265,45.7377,104.8383,246.8517,1,-1,-1,-1
125,2,851.265,45.7377,104.8383,246.8517,1,-1,-1,-1
126,2,851.265,45.7377,104.8383,246.8517,1,-1,-1,-1
127,2,851.265,45.7377,104.8383,246.8517,1,-1,-1,-1
128,2,851.265,45.7377,104.8383,246.8517,1,-1,-1,-1
129,2,851.265,45.7377,104.8383,246.8517,1,-1,-1,-1
130,2,851.265,45.7377,104.8383,246.8517,1,-1,-1,-1
131,2,851.265,45.7377,104.8383,246.8517,1,-1,-1,-1
132,2,851.265,45.7377,104.8383,246.8517,1,-1,-1,-1
1,3,1145.7838,108.8812,86.492,168.5287,1,-1,-1,-1
2,3,1145.7838,108.8812,86.492,168.5287,1,-1,-1,-1
3,3,1145.7838,108.8812,86.492,168.5287,1,-1,-1,-1
4,3,1145.7838,108.8812,86.492,168.5287,1,-1,-1,-1
5,3,1145.7838,108.8812,86.492,168.5287,1,-1,-1,-1
6,3,1145.7838,108.8812,86.492,168.5287,1,-1,-1,-1
7,3,1145.7838,108.8812,86.492,168.5287,1,-1,-1,-1
8,3,1145.7838,108.8812,86.492,168.5287,1,-1,-1,-1
9,3,1145.7838,108.8812,86.492,168.5287,1,-1,-1,-1
10,3,1145.7838,108.8812,86.492,168.5287,1,-1,-1,-1
11,3,1145.7838,108.8812,86.492,168.5287,1,-1,-1,-1
12,3,1145.7838,108.8812,86.492,168.5287,1,-1,-1,-1
13,3,1145.7838,108.8812,86.492,168.5287,1,-1,-1,-1
14,3,1145.7838,108.8812,86.492,168.5287,1,-1,-1,-1
15,3,1145.7838,108.8812,86.492,168.5287,1,-1,-1,-1
16,3,1145.7838,108.8812,86.492,168.5287,1,-1,-1,-1
17,3,1145.7838,108.8812,86.492,168.5287,1,-1,-1,-1
18,3,1145.7838,108.8812,86.492,168.5287,1,-1,-1,-1
19,3,1145.7838,108.8812,86.492,168.5287,1,-1,-1,-1
20,3,1145.7838,108.8812,86.492,168.5287,1,-1,-1,-1
21,3,1145.7838,108.8812,86.492,168.5287,1,-1,-1,-1
22,3,1145.7838,108.8812,86.492,168.5287,1,-1,-1,-1
23,3,1145.7838,108.8812,86.492,168.5287,1,-1,-1,-1
24,3,1145.7838,108.8812,86.492,168.5287,1,-1,-1,-1
25,3,1145.7838,108.8812,86.492,168.5287,1,-1,-1,-1
26,3,1145.7838,108.8812,86.492,168.5287,1,-1,-1,-1
27,3,1145.7838,108.8812,86.492,168.5287,1,-1,-1,-1
28,3,1145.7838,108.8812,86.492,168.5287,1,-1,-1,-1
29,3,1145.7838,108.8812,86.492,168.5287,1,-1,-1,-1
30,3,1145.7838,108.8812,86.492,168.5287,1,-1,-1,-1
31,3,1145.7838,108.8812,86.492,168.5287,1,-1,-1,-1
32,3,1145.7838,108.8812,86.492,168.5287,1,-1,-1,-1
33,3,1145.7838,108.8812,86.492,168.5287,1,-1,-1,-1
34,3,1145.7838,108.8812,86.492,168.5287,1,-1,-1,-1
35,3,1145.7838,108.8812,86.492,168.5287,1,-1,-1,-1
36,3,1145.7838,108.8812,86.492,168.5287,1,-1,-1,-1
37,3,1145.7838,108.8812,86.492,168.5287,1,-1,-1,-1
38,3,1145.7838,108.8812,86.492,168.5287,1,-1,-1,-1
39,3,1145.7838,108.8812,86.492,168.5287,1,-1,-1,-1
40,3,1145.7838,108.8812,86.492,168.5287,1,-1,-1,-1
41,3,1145.7838,108.8812,86.492,168.5287,1,-1,-1,-1
42,3,1145.7838,108.8812,86.492,168.5287,1,-1,-1,-1
43,3,1145.7838,108.8812,86.492,168.5287,1,-1,-1,-1
44,3,1145.7838,108.8812,86.492,168.5287,1,-1,-1,-1
45,3,1145.7838,108.8812,86.492,168.5287,1,-1,-1,-1
46,3,1145.7838,108.8812,86.492,168.5287,1,-1,-1,-1
47,3,1145.7838,108.8812,86.492,168.5287,1,-1,-1,-1
48,3,1145.7838,108.8812,86.492,168.5287,1,-1,-1,-1
49,3,1145.7838,108.8812,86.492,168.5287,1,-1,-1,-1
50,3,1145.7838,108.8812,86.492,168.5287,1,-1,-1,-1
51,3,1145.7838,108.8812,86.492,168.5287,1,-1,-1,-1
52,3,1145.7838,108.8812,86.492,168.5287,1,-1,-1,-1
53,3,1145.7838,108.8812,86.492,168.5287,1,-1,-1,-1
54,3,1145.7838,108.8812,86.492,168.5287,1,-1,-1,-1
55,3,1145.7838,108.8812,86.492,168.5287,1,-1,-1,-1
56,3,1145.7838,108.8812,86.492,168.5287,1,-1,-1,-1
57,3,1145.7838,108.8812,86.492,168.5287,1,-1,-1,-1
58,3,1145.7838,108.8812,86.492,168.5287,1,-1,-1,-1
59,3,1145.7838,108.8812,86.492,168.5287,1,-1,-1,-1
60,3,1145.7838,108.8812,86.492,168.5287,1,-1,-1,-1
61,3,1145.7838,108.8812,86.492,168.5287,1,-1,-1,-1
62,3,1145.7838,108.8812,86.492,168.5287,1,-1,-1,-1
63,3,1145.7838,108.8812,86.492,168.5287,1,-1,-1,-1
64,3,1145.7838,108.8812,86.492,168.5287,1,-1,-1,-1
65,3,1145.7838,108.8812,86.492,168.5287,1,-1,-1,-1
66,3,1145.7838,108.8812,86.492,168.5287,1,-1,-1,-1
67,3,1145.7838,108.8812,86.492,168.5287,1,-1,-1,-1
68,3,1145.7838,108.8812,86.492,168.5287,1,-1,-1,-1
69,3,1145.7838,108.8812,86.492,168.5287,1,-1,-1,-1
70,3,1145.7838,108.8812,86.492,168.5287,1,-1,-1,-1
71,3,1145.7838,108.8812,86.492,168.5287,1,-1,-1,-1
72,3,1145.7838,108.8812,86.492,168.5287,1,-1,-1,-1
73,3,1145.7838,108.8812,86.492,168.5287,1,-1,-1,-1
74,3,1145.7838,108.8812,86.492,168.5287,1,-1,-1,-1
75,3,1145.7838,108.8812,86.492,168.5287,1,-1,-1,-1
76,3,1145.7838,108.8812,86.492,168.5287,1,-1,-1,-1
77,3,1145.7838,108.8812,86.492,168.5287,1,-1,-1,-1
78,3,1145.7838,108.8812,86.492,168.5287,1,-1,-1,-1
79,3,1145.7838,108.8812,86.492,168.5287,1,-1,-1,-1
80,3,1145.7838,108.8812,86.492,168.5287,1,-1,-1,-1
81,3,1145.7838,108.8812,86.492,168.5287,1,-1,-1,-1
82,3,1145.7838,108.8812,86.492,168.5287,1,-1,-1,-1
83,3,1145.7838,108.8812,86.492,168.5287,1,-1,-1,-1
84,3,1145.7838,108.8812,86.492,168.5287,1,-1,-1,-1
85,3,1145.7838,108.8812,86.492,168.5287,1,-1,-1,-1
86,3,1145.7838,108.8812,86.492,168.5287,1,-1,-1,-1
87,3,1145.7838,108.8812,86.492,168.5287,1,-1,-1,-1
88,3,1145.7838,108.8812,86.492,168.5287,1,-1,-1,-1
89,3,1145.7838,108.8812,86.492,168.5287,1,-1,-1,-1
90,3,1145.7838,108.8812,86.492,168.5287,1,-1,-1,-1
91,3,1145.7838,108.8812,86.492,168.5287,1,-1,-1,-1
92,3,1145.7838,108.8812,86.492,168.5287,1,-1,-1,-1
93,3,1145.7838,108.8812,86.492,168.5287,1,-1,-1,-1
94,3,1145.7838,108.8812,86.492,168.5287,1,-1,-1,-1
95,3,1145.7838,108.8812,86.492,168.5287,1,-1,-1,-1
96,3,1145.7838,108.8812,86.492,168.5287,1,-1,-1,-1
97,3,1145.7838,108.8812,86.492,168.5287,1,-1,-1,-1
98,3,1145.7838,108.8812,86.492,168.5287,1,-1,-1,-1
99,3,1145.7838,108.8812,86.492,168.5287,1,-1,-1,-1
100,3,1145.7838,108.8812,86.492,168.5287,1,-1,-1,-1
101,3,1145.7838,108.8812,86.492,168.5287,1,-1,-1,-1
102,3,1145.7838,108.8812,86.492,168.5287,1,-1,-1,-1
103,3,1145.7838,108.8812,86.492,168.5287,1,-1,-1,-1
104,3,1145.7838,108.8812,86.492,168.5287,1,-1,-1,-1
105,3,1145.7838,108.8812,86.492,168.5287,1,-1,-1,-1
106,3,1145.7838,108.8812,86.492,168.5287,1,-1,-1,-1
107,3,1145.7838,108.8812,86.492,168.5287,1,-1,-1,-1
108,3,1145.7838,108.8812,86.492,168.5287,1,-1,-1,-1
109,3,1145.7838,108.8812,86.492,168.5287,1,-1,-1,-1
110,3,1145.7838,108.8812,86.492,168.5287,1,-1,-1,-1
111,3,1145.7838,108.8812,86.492,168.5287,1,-1,-1,-1
112,3,1145.7838,108.8812,86.492,168.5287,1,-1,-1,-1
113,3,1145.7838,108.8812,86.492,168.5287,1,-1,-1,-1
114,3,1145.7838,108.8812,86.492,168.5287,1,-1,-1,-1
115,3,1145.7838,108.8812,86.492,168.5287,1,-1,-1,-1
116,3,1145.7838,108.8812,86.492,168.5287,1,-1,-1,-1
117,3,1145.7838,108.8812,86.492,168.5287,1,-1,-1,-1
118,3,1145.7838,108.8812,86.492,168.5287,1,-1,-1,-1
119,3,1145.7838,108.8812,86.492,168.5287,1,-1,-1,-1
120,3,1145.7838,108.8812,86.492,168.5287,1,-1,-1,-1
121,3,1145.7838,108.8812,86.492,168.5287,1,-1,-1,-1
122,3,1145.7838,108.8812,86.492,168.5287,1,-1,-1,-1
123,3,1145.7838,108.8812,86.492,168.5287,1,-1,-1,-1
124,3,1145.7838,108.8812,86.492,168.5287,1,-1,-1,-1
125,3,1145.7838,108.8812,86.492,168.5287,1,-1,-1,-1
126,3,1145.7838,108.8812,86.492,168.5287,1,-1,-1,-1
127,3,1145.7838,108.8812,86.492,168.5287,1,-1,-1,-1
128,3,1145.7838,108.8812,86.492,168.5287,1,-1,-1,-1
129,3,1145.7838,108.8812,86.492,168.5287,1,-1,-1,-1
130,3,1145.7838,108.8812,86.492,168.5287,1,-1,-1,-1
131,3,1145.7838,108.8812,86.492,168.5287,1,-1,-1,-1
132,3,1145.7838,108.8812,86.492,168.5287,1,-1,-1,-1
1,4,1499.4515,737.1883,214.1133,307.6663,1,-1,-1,-1
2,4,1495.9764,740.5735,216.0846,303.1713,1,-1,-1,-1
3,4,1495.8864,732.5098,215.2388,311.2168,1,-1,-1,-1
4,4,1499.0718,737.0361,213.3259,306.1635,1,-1,-1,-1
5,4,1499.6007,733.8438,215.1245,309.0456,1,-1,-1,-1
13,4,1123.8789,104.1105,110.619,278.6484,1,-1,-1,-1
16,4,1495.7239,720.0655,228.0531,320.0741,1,-1,-1,-1
17,4,1499.9838,716.3455,221.4519,313.8133,1,-1,-1,-1
22,4,1143.2936,110.5754,88.8009,155.7608,1,-1,-1,-1
23,4,1504.4312,710.2075,223.4178,328.7851,1,-1,-1,-1
25,4,1502.1718,717.2373,225.5528,325.541,1,-1,-1,-1
38,4,1492.1327,753.1451,248.416,295.1845,1,-1,-1,-1
63,4,1568.4916,862.1462,195.5792,183.7465,1,-1,-1,-1
90,4,1124.1875,106.6042,105.5836,153.7476,1,-1,-1,-1
91,4,1122.6012,105.6386,106.3899,152.8046,1,-1,-1,-1
92,4,1124.8628,109.121,108.0956,146.7018,1,-1,-1,-1
102,4,1505.3031,963.435,141.4773,116.565,1,-1,-1,-1
103,4,1504.7432,965.5887,137.3811,112.866,1,-1,-1,-1
6,4,1502.5537,730.3359,204.1967,317.5077,1,-1,-1,-1
7,4,1495.2223,734.6941,224.1982,310.2961,1,-1,-1,-1
8,4,1494.423,732.848,228.8635,312.7361,1,-1,-1,-1
9,4,1492.9409,736.0682,232.4041,308.2492,1,-1,-1,-1
10,4,1493.4178,733.6903,231.2608,310.3522,1,-1,-1,-1
11,4,1492.5997,731.864,232.711,313.0202,1,-1,-1,-1
12,4,1494.1323,729.3076,233.6415,314.5445,1,-1,-1,-1
14,4,1490.812,714.3006,235.8024,317.1011,1,-1,-1,-1
15,4,1494.2444,717.1382,227.0462,324.8281,1,-1,-1,-1
18,4,1501.366,717.5203,221.8991,302.7805,1,-1,-1,-1
19,4,1501.7885,718.705,221.6589,309.9006,1,-1,-1,-1
20,4,1501.2131,722.218,229.6703,315.6902,1,-1,-1,-1
21,4,1503.5823,717.52,224.8343,318.9206,1,-1,-1,-1
26,4,1500.5837,714.4389,230.7703,328.0001,1,-1,-1,-1
27,4,1504.6025,694.7195,225.0567,354.51,1,-1,-1,-1
28,4,1502.8433,692.5285,228.1582,360.1956,1,-1,-1,-1
29,4,1500.679,721.187,233.114,325.3015,1,-1,-1,-1
30,4,1498.9692,728.2534,233.9704,315.7487,1,-1,-1,-1
31,4,1499.6942,714.1758,235.8488,335.7058,1,-1,-1,-1
32,4,1499.3085,724.6061,237.12,327.9986,1,-1,-1,-1
33,4,1498.92,726.4871,239.5771,326.6491,1,-1,-1,-1
34,4,1497.4382,733.5688,239.6444,313.7695,1,-1,-1,-1
35,4,1497.7589,739.7446,246.9483,308.9173,1,-1,-1,-1
36,4,1504.2896,742.8405,247.9526,305.7883,1,-1,-1,-1
37,4,1490.3488,749.4141,252.7695,296.2976,1,-1,-1,-1
39,4,1493.1171,768.3602,250.3319,272.9469,1,-1,-1,-1
40,4,1496.6804,774.5507,250.4838,268.6668,1,-1,-1,-1
41,4,1494.7355,780.9822,257.9903,264.1189,1,-1,-1,-1
62,4,1571.593,863.1605,195.2276,177.0602,1,-1,-1,-1
63,3,1140.5525,111.2578,91.772,165.6604,1,-1,-1,-1
64,4,1565.1866,864.1594,194.8854,178.2384,1,-1,-1,-1
67,4,1562.3099,876.6886,195.9115,166.9426,1,-1,-1,-1
69,4,1565.1827,880.8618,190.5116,164.1294,1,-1,-1,-1
70,4,1559.6235,879.8975,192.5262,168.5168,1,-1,-1,-1
71,4,1559.4807,879.9229,195.1945,169.0937,1,-1,-1,-1
75,4,1568.1033,896.579,171.2396,153.1549,1,-1,-1,-1
76,4,1574.6805,902.0709,165.891,147.8996,1,-1,-1,-1
77,4,1579.4028,908.3257,154.038,140.9264,1,-1,-1,-1
101,4,1515.7806,967.5418,135.652,112.3707,1,-1,-1,-1