1,1,463.4597,272.5314,176.7412,340.8119,1,-1,-1,-1
1,2,147.544,141.3599,94.899,232.6537,1,-1,-1,-1
1,3,140.5484,360.4042,121.1029,214.4511,1,-1,-1,-1
2,1,464.3775,271.6564,178.8457,338.2701,1,-1,-1,-1
2,2,151.3204,132.8555,92.9275,239.0064,1,-1,-1,-1
2,3,139.7788,364.7559,124.7086,217.5527,1,-1,-1,-1
3,1,468.2477,277.5689,177.7952,328.3602,1,-1,-1,-1
3,2,150.4593,133.5384,92.1056,231.6041,1,-1,-1,-1
3,3,139.8034,356.3815,122.1595,215.2387,1,-1,-1,-1
4,1,469.4943,278.2345,180.3385,321.6926,1,-1,-1,-1
4,2,146.692,133.9081,95.5341,233.5833,1,-1,-1,-1
4,3,137.9433,355.4952,127.3471,239.2633,1,-1,-1,-1
5,1,470.0577,279.3157,183.0257,313.0844,1,-1,-1,-1
5,2,141.179,143.5668,101.4417,227.0208,1,-1,-1,-1
5,3,138.3659,352.552,123.8022,223.248,1,-1,-1,-1
6,1,472.0522,280.9558,184.9939,308.346,1,-1,-1,-1
6,2,138.7469,145.7762,104.8351,224.5962,1,-1,-1,-1
6,3,137.9026,355.1409,121.1683,199.9475,1,-1,-1,-1
7,1,470.6788,279.8485,187.3333,311.5014,1,-1,-1,-1
7,2,133.6085,147.3228,110.4758,224.1933,1,-1,-1,-1
7,3,138.8631,357.6219,124.8543,201.5845,1,-1,-1,-1
8,1,473.0058,282.354,186.7676,307.9518,1,-1,-1,-1
8,2,126.4511,146.3757,118.4606,226.7289,1,-1,-1,-1
8,3,137.4887,355.931,124.0176,238.3664,1,-1,-1,-1
9,1,476.2573,285.0156,190.1056,306.5684,1,-1,-1,-1
9,2,125.9449,147.5561,119.7521,225.6817,1,-1,-1,-1
9,3,136.3565,355.811,122.786,232.1297,1,-1,-1,-1
10,1,477.4599,287.1966,191.8738,305.3699,1,-1,-1,-1
10,2,123.7085,148.0301,121.3241,229.0891,1,-1,-1,-1
10,3,133.7483,352.9871,126.1993,203.2733,1,-1,-1,-1
11,1,479.9308,292.6079,199.2978,297.7327,1,-1,-1,-1
11,2,117.8709,148.3953,126.0628,231.5969,1,-1,-1,-1
11,3,131.1162,351.135,130.8283,204.9849,1,-1,-1,-1
12,1,485.0009,295.6155,191.1106,293.6947,1,-1,-1,-1
12,2,119.8901,147.3886,122.8924,232.8137,1,-1,-1,-1
12,3,129.5356,353.5372,135.1573,221.894,1,-1,-1,-1
13,1,488.6558,299.0995,187.4307,290.3523,1,-1,-1,-1
13,2,114.962,149.7798,128.8232,235.4218,1,-1,-1,-1
13,3,126.3407,352.5443,137.5222,226.0113,1,-1,-1,-1
14,1,490.5866,302.5919,193.9042,286.5873,1,-1,-1,-1
14,2,122.5072,150.2587,121.2022,230.6333,1,-1,-1,-1
14,3,122.4113,353.2065,141.5984,225.6415,1,-1,-1,-1
15,1,492.7596,304.0366,195.9036,284.4632,1,-1,-1,-1
15,2,127.2178,150.9074,117.0148,228.2377,1,-1,-1,-1
15,3,122.3666,355.8954,142.2236,226.1333,1,-1,-1,-1
16,1,492.5444,308.4243,198.8127,281.1279,1,-1,-1,-1
16,2,146.2539,152.1664,95.7103,218.9466,1,-1,-1,-1
16,3,119.4137,356.9556,144.6801,225.6147,1,-1,-1,-1
17,1,496.3917,307.9428,203.1948,275.0392,1,-1,-1,-1
17,2,148.8113,151.36,92.4075,219.0813,1,-1,-1,-1
17,3,116.5189,357.8748,146.1891,222.7892,1,-1,-1,-1
18,1,498.428,309.7675,204.1544,270.7697,1,-1,-1,-1
18,2,156.0963,146.9516,85.2081,219.2735,1,-1,-1,-1
18,3,114.8061,353.9629,148.1434,225.658,1,-1,-1,-1
19,1,498.9444,310.4951,207.6066,273.7293,1,-1,-1,-1
19,2,158.8962,151.9323,79.0236,210.1122,1,-1,-1,-1
19,3,113.3466,359.2404,146.5946,219.58,1,-1,-1,-1
20,1,499.8525,312.4565,205.9573,271.9487,1,-1,-1,-1
20,2,157.979,144.4721,83.3902,220.4945,1,-1,-1,-1
20,3,111.3283,353.578,150.1698,225.1244,1,-1,-1,-1
21,1,501.8356,309.8086,211.4786,276.6504,1,-1,-1,-1
21,2,159.126,144.8997,82.2576,218.584,1,-1,-1,-1
21,3,107.8627,354.392,152.1183,222.9055,1,-1,-1,-1
22,1,504.5524,309.8375,210.1703,280.7052,1,-1,-1,-1
22,2,158.0191,146.4449,82.8859,218.8268,1,-1,-1,-1
22,3,105.8901,354.5545,153.4634,223.2603,1,-1,-1,-1
23,1,506.4395,308.1215,214.8341,280.2105,1,-1,-1,-1
23,2,158.3432,147.8795,82.7669,220.6645,1,-1,-1,-1
23,3,103.8629,355.2751,155.0326,223.5484,1,-1,-1,-1
24,1,511.9486,308.7746,207.0453,268.4612,1,-1,-1,-1
24,2,164.1127,155.7855,77.214,203.4757,1,-1,-1,-1
24,3,104.3058,354.4221,154.5457,225.1015,1,-1,-1,-1
25,1,513.3482,309.3772,210.4321,273.3355,1,-1,-1,-1
25,2,163.322,154.1151,78.4509,205.1638,1,-1,-1,-1
25,3,103.7382,358.4006,153.3683,222.0938,1,-1,-1,-1
26,1,515.6237,307.8921,213.439,275.182,1,-1,-1,-1
26,2,156.8548,147.8795,86.5998,217.2848,1,-1,-1,-1
26,3,104.7343,358.1335,152.8148,220.1044,1,-1,-1,-1
27,1,517.3282,308.3568,214.3445,274.6713,1,-1,-1,-1
27,2,155.4615,147.8351,87.4306,217.3401,1,-1,-1,-1
27,3,105.6894,357.9756,152.9225,220.698,1,-1,-1,-1
28,1,520.6281,307.261,214.349,273.6534,1,-1,-1,-1
28,2,150.962,150.2708,90.86,218.7427,1,-1,-1,-1
28,3,104.2854,356.8892,159.2126,215.2008,1,-1,-1,-1
29,1,523.5591,303.5379,211.7033,283.0669,1,-1,-1,-1
29,2,149.6081,151.6123,91.0776,218.37,1,-1,-1,-1
29,3,107.9665,353.5344,151.4168,223.5584,1,-1,-1,-1
30,1,526.6514,301.1754,211.3078,282.7016,1,-1,-1,-1
30,2,151.3409,151.5014,88.7393,218.8381,1,-1,-1,-1
30,3,110.5125,358.0309,149.1067,217.9386,1,-1,-1,-1
31,1,534.2619,300.6752,205.3556,281.5876,1,-1,-1,-1
31,2,148.676,150.405,91.5446,220.2921,1,-1,-1,-1
31,3,113.3658,358.732,147.5379,216.4817,1,-1,-1,-1
32,1,530.0818,296.9951,215.1429,286.0446,1,-1,-1,-1
32,3,114.8097,359.1942,148.0598,217.9525,1,-1,-1,-1
32,2,149.5787,148.4368,90.6899,224.2955,1,-1,-1,-1
33,1,537.1077,295.9585,206.8471,290.5542,1,-1,-1,-1
33,3,117.9956,358.6806,146.3522,218.7291,1,-1,-1,-1
33,2,128.9494,146.3143,114.0788,234.5573,1,-1,-1,-1
34,1,541.4459,292.8972,210.2454,293.158,1,-1,-1,-1
34,2,160.7317,143.101,84.8488,226.2876,1,-1,-1,-1
34,3,119.997,357.2151,143.3291,221.9001,1,-1,-1,-1
35,1,546.6408,289.706,206.8532,292.7021,1,-1,-1,-1
35,2,155.5172,145.0989,85.6539,223.3308,1,-1,-1,-1
35,3,120.8298,356.6121,141.6257,223.1158,1,-1,-1,-1
36,1,551.4037,286.9511,206.9099,296.5917,1,-1,-1,-1
36,2,157.0383,144.2725,84.3089,224.729,1,-1,-1,-1
36,3,119.6927,356.6787,142.5428,222.7581,1,-1,-1,-1
37,1,550.9414,283.6075,213.6753,300.2568,1,-1,-1,-1
37,2,166.0421,151.3446,76.1151,210.1307,1,-1,-1,-1
37,3,117.2763,358.6165,143.894,219.1548,1,-1,-1,-1
38,1,563.8456,283.4642,198.4156,297.4181,1,-1,-1,-1
38,2,167.087,151.3964,74.5719,209.3168,1,-1,-1,-1
38,3,117.491,358.5989,144.4854,220.5689,1,-1,-1,-1
39,1,570.8366,277.6667,203.0939,305.0046,1,-1,-1,-1
39,2,166.8271,150.9977,74.5025,210.8415,1,-1,-1,-1
39,3,115.4449,358.8513,145.9996,219.4305,1,-1,-1,-1
40,1,574.0603,272.2402,205.972,310.5774,1,-1,-1,-1
40,2,167.0445,151.4382,75.3401,210.0324,1,-1,-1,-1
40,3,115.5592,359.1999,145.5966,219.87,1,-1,-1,-1
41,1,573.4749,272.9381,211.0942,310.4505,1,-1,-1,-1
41,2,168.4138,149.916,73.5654,214.682,1,-1,-1,-1
41,3,114.7034,359.7736,146.1504,219.5111,1,-1,-1,-1
42,1,575.3309,265.6111,217.6458,312.0649,1,-1,-1,-1
42,2,160.374,144.8372,87.3287,224.3877,1,-1,-1,-1
42,3,114.3563,361.2195,145.5801,216.3762,1,-1,-1,-1
43,1,594.3325,265.7216,201.5048,304.5092,1,-1,-1,-1
43,2,166.4508,150.9516,75.7577,213.4593,1,-1,-1,-1
43,3,113.6046,361.4739,146.5767,216.9428,1,-1,-1,-1
44,1,608.924,262.8181,194.1585,301.9588,1,-1,-1,-1
44,2,167.2064,150.3314,74.9038,218.0806,1,-1,-1,-1
44,3,113.0909,361.4548,147.6911,218.2318,1,-1,-1,-1
45,1,622.4675,258.3194,186.1178,305.8964,1,-1,-1,-1
45,2,161.651,144.1275,83.2972,229.3932,1,-1,-1,-1
45,3,111.0304,361.6814,149.7648,217.4966,1,-1,-1,-1
46,1,635.5255,253.1327,174.2741,307.1769,1,-1,-1,-1
46,2,168.4366,149.8371,73.3497,219.8544,1,-1,-1,-1
46,3,109.6444,361.7843,148.2946,216.7363,1,-1,-1,-1
47,1,637.0297,248.0504,176.7724,310.7424,1,-1,-1,-1
47,2,168.5974,150.4181,73.5299,222.4168,1,-1,-1,-1
47,3,108.3959,363.9083,148.097,215.7584,1,-1,-1,-1
48,1,646.2001,246.0688,173.7904,311.9084,1,-1,-1,-1
48,2,168.193,150.7955,73.6607,221.4323,1,-1,-1,-1
48,3,106.7941,363.8314,147.9272,216.7035,1,-1,-1,-1
49,1,650.4268,239.2772,199.0478,313.1982,1,-1,-1,-1
49,2,169.379,149.8432,72.5481,227.7977,1,-1,-1,-1
49,3,101.8727,364.3628,158.083,208.3652,1,-1,-1,-1
50,1,660.6019,232.3873,181.6942,312.9376,1,-1,-1,-1
50,2,168.8142,149.7178,73.4732,228.6257,1,-1,-1,-1
50,3,100.6366,364.8179,157.3535,206.3487,1,-1,-1,-1
51,1,665.002,223.8958,188.1782,316.7683,1,-1,-1,-1
51,2,164.7137,149.5061,77.5683,227.6884,1,-1,-1,-1
51,3,101.1588,364.5122,156.7383,205.9883,1,-1,-1,-1
52,1,666.2612,223.9706,173.5957,324.5032,1,-1,-1,-1
52,2,164.7203,149.3669,77.0059,232.4229,1,-1,-1,-1
52,3,100.9429,364.4629,157.5066,205.6202,1,-1,-1,-1
53,1,669.1203,219.1581,188.6184,325.0526,1,-1,-1,-1
53,2,166.291,150.2976,75.346,228.7322,1,-1,-1,-1
53,3,101.5898,366.553,155.1134,203.7787,1,-1,-1,-1
54,1,660.2983,221.9582,208.3392,317.6579,1,-1,-1,-1
54,2,169.242,150.9668,72.0069,225.5464,1,-1,-1,-1
54,3,107.5247,366.6774,146.5893,211.1235,1,-1,-1,-1
55,1,652.127,221.4249,231.7209,318.2159,1,-1,-1,-1
55,2,168.8266,150.2605,72.7536,229.2087,1,-1,-1,-1
55,3,108.1322,367.4127,146.0202,210.5488,1,-1,-1,-1
56,1,650.9716,221.5256,232.5794,318.8937,1,-1,-1,-1
56,2,168.7614,150.5806,72.8448,229.2222,1,-1,-1,-1
56,3,107.8534,366.5416,140.9598,211.3419,1,-1,-1,-1
57,1,647.5698,224.7046,234.239,314.5488,1,-1,-1,-1
57,2,161.6071,147.7493,78.5777,237.1289,1,-1,-1,-1
57,3,108.6473,366.6291,140.6254,210.8334,1,-1,-1,-1
58,1,652.405,221.3603,230.2667,316.6217,1,-1,-1,-1
58,2,162.1363,147.5367,78.7701,237.3983,1,-1,-1,-1
58,3,109.4388,366.4816,136.4846,210.8459,1,-1,-1,-1
59,1,661.1718,227.9205,222.6348,313.6731,1,-1,-1,-1
59,2,161.6083,148.3341,78.6545,236.1668,1,-1,-1,-1
59,3,114.4444,370.0875,132.6016,206.5733,1,-1,-1,-1
60,1,676.1751,221.3338,208.4647,318.3625,1,-1,-1,-1
60,2,162.0775,147.8987,78.4224,236.9132,1,-1,-1,-1
60,3,111.633,366.4337,132.8648,210.336,1,-1,-1,-1
61,1,670.2908,217.4356,226.7361,313.3848,1,-1,-1,-1
61,2,160.8057,149.6667,80.4923,236.3165,1,-1,-1,-1
61,3,114.7605,371.9209,132.0356,206.0958,1,-1,-1,-1
62,1,695.3403,216.0751,206.0257,310.8614,1,-1,-1,-1
62,2,160.8918,149.3687,80.7385,238.9152,1,-1,-1,-1
62,3,115.6268,372.5259,131.9459,204.9472,1,-1,-1,-1
63,1,722.8625,214.7726,182.2249,309.4778,1,-1,-1,-1
63,2,160.9886,150.1533,81.595,237.9278,1,-1,-1,-1
63,3,117.0884,373.684,131.7566,204.9326,1,-1,-1,-1
64,1,743.1734,216.489,159.6677,307.0571,1,-1,-1,-1
64,2,160.7276,150.2262,82.7053,237.2896,1,-1,-1,-1
64,3,117.6595,373.9542,132.7816,203.1912,1,-1,-1,-1
65,1,757.9298,208.359,150.3909,312.8543,1,-1,-1,-1
65,2,160.0923,149.6649,82.3867,237.3111,1,-1,-1,-1
65,3,118.3965,373.7682,132.4502,202.5231,1,-1,-1,-1
66,1,764.6673,207.6434,155.4171,316.2422,1,-1,-1,-1
66,2,159.1841,148.6904,83.1632,239.7112,1,-1,-1,-1
66,3,119.6209,373.865,128.0823,203.0217,1,-1,-1,-1
67,1,777.5432,202.4951,147.5569,324.156,1,-1,-1,-1
67,2,159.5036,147.7929,82.7882,238.023,1,-1,-1,-1
67,3,119.2279,368.402,126.5425,209.753,1,-1,-1,-1
68,1,786.9642,198.2238,140.2104,326.2819,1,-1,-1,-1
68,2,159.4915,148.7236,82.2041,240.0139,1,-1,-1,-1
68,3,122.6027,373.4887,123.4103,203.2181,1,-1,-1,-1
69,1,791.5034,196.7508,138.1936,326.2289,1,-1,-1,-1
69,2,160.253,147.8505,81.6824,238.0605,1,-1,-1,-1
69,3,122.3946,372.4615,123.8339,204.273,1,-1,-1,-1
70,1,800.5308,197.3051,142.7641,326.5659,1,-1,-1,-1
70,2,160.4824,148.4068,81.0234,236.6849,1,-1,-1,-1
70,3,118.9872,367.4929,129.0594,208.3494,1,-1,-1,-1
71,1,808.9308,195.8707,144.0374,323.7696,1,-1,-1,-1
71,2,160.6097,149.1485,81.3907,235.1595,1,-1,-1,-1
71,3,119.859,367.5178,131.5872,208.4789,1,-1,-1,-1
72,1,814.945,192.1874,143.2217,327.0923,1,-1,-1,-1
72,2,160.906,149.0369,80.8621,233.7711,1,-1,-1,-1
72,3,117.794,368.514,136.2547,209.0557,1,-1,-1,-1
73,1,822.1497,196.2003,147.2287,318.4126,1,-1,-1,-1
73,3,117.7552,368.2625,139.2146,209.9002,1,-1,-1,-1
73,2,158.8835,148.8737,82.2283,235.0011,1,-1,-1,-1
74,1,827.7544,199.2045,150.4404,319.1504,1,-1,-1,-1
74,2,158.8328,147.9692,82.5108,235.2496,1,-1,-1,-1
74,3,118.7474,366.3493,137.3699,211.3764,1,-1,-1,-1
75,1,831.5417,201.3659,159.6653,317.1948,1,-1,-1,-1
75,3,117.1699,365.625,138.8457,212.7052,1,-1,-1,-1
75,2,159.2367,148.2144,82.9324,235.5093,1,-1,-1,-1
76,1,836.7352,202.884,155.2295,308.5209,1,-1,-1,-1
76,3,116.9772,364.9839,139.1982,212.7453,1,-1,-1,-1
76,2,156.9964,149.7377,84.33,233.655,1,-1,-1,-1
77,1,853.0844,200.5112,151.0885,311.5769,1,-1,-1,-1
77,3,116.8745,364.6902,137.0527,212.1116,1,-1,-1,-1
77,2,153.167,148.706,88.218,237.1411,1,-1,-1,-1
78,1,865.0428,197.4781,150.5033,309.555,1,-1,-1,-1
78,3,115.4478,364.2232,138.863,213.0736,1,-1,-1,-1
78,2,160.806,149.8952,83.27,236.4225,1,-1,-1,-1
79,1,870.5399,201.6901,158.182,297.5933,1,-1,-1,-1
79,2,157.3661,151.3079,83.735,233.0459,1,-1,-1,-1
79,3,112.2402,364.0155,141.6692,212.8644,1,-1,-1,-1
80,1,876.0049,202.7227,158.8243,296.8118,1,-1,-1,-1
80,2,156.7814,149.1789,84.1002,235.5494,1,-1,-1,-1
80,3,111.4666,365.1776,138.9203,209.5839,1,-1,-1,-1
81,1,895.0851,207.5796,141.5155,295.8906,1,-1,-1,-1
81,2,158.3957,150.5661,82.1732,229.2814,1,-1,-1,-1
81,3,108.954,362.7044,143.7637,214.1732,1,-1,-1,-1
82,1,911.0186,202.8015,150.1822,299.2234,1,-1,-1,-1
82,2,154.7305,149.3381,85.2281,235.594,1,-1,-1,-1
82,3,107.8009,363.2662,144.7101,214.0302,1,-1,-1,-1
83,1,922.8494,200.2404,149.7899,303.5823,1,-1,-1,-1
83,2,153.4512,148.0099,87.847,235.1377,1,-1,-1,-1
83,3,110.0288,363.5987,141.298,214.6407,1,-1,-1,-1
84,1,927.3847,193.3863,140.5489,306.6426,1,-1,-1,-1
84,2,154.3357,147.61,86.4062,233.5517,1,-1,-1,-1
84,3,110.365,363.799,140.2422,213.2932,1,-1,-1,-1
85,1,935.7418,188.9325,146.4867,309.5712,1,-1,-1,-1
85,2,152.6962,149.4764,86.1937,237.803,1,-1,-1,-1
85,3,108.0179,362.2352,142.1658,216.7307,1,-1,-1,-1
86,1,945.2773,196.9543,136.4888,306.5737,1,-1,-1,-1
86,2,152.3185,150.2265,87.8126,238.8628,1,-1,-1,-1
86,3,108.3656,362.1498,140.6065,216.5778,1,-1,-1,-1
87,1,950.7138,194.704,132.7311,312.8572,1,-1,-1,-1
87,2,151.3343,149.6977,89.9133,239.9782,1,-1,-1,-1
87,3,109.5892,363.2446,139.3947,215.1828,1,-1,-1,-1
88,1,955.0362,197.0307,128.9681,308.9567,1,-1,-1,-1
88,2,152.224,148.9261,88.2809,241.6516,1,-1,-1,-1
88,3,110.2905,362.148,139.6191,216.323,1,-1,-1,-1
89,1,960.779,191.2062,130.1428,309.7081,1,-1,-1,-1
89,3,111.2329,362.3959,138.7254,214.9642,1,-1,-1,-1
89,2,149.8328,148.8282,91.5675,240.8788,1,-1,-1,-1
90,1,970.5016,193.4705,125.1378,309.1275,1,-1,-1,-1
90,2,150.7078,148.3226,90.8266,242.2808,1,-1,-1,-1
90,3,113.2408,363.268,134.3642,212.8961,1,-1,-1,-1
91,1,973.7787,193.5059,132.6423,315.7673,1,-1,-1,-1
91,2,149.3046,148.5258,93.5426,236.3867,1,-1,-1,-1
91,3,113.1873,362.549,135.412,214.4562,1,-1,-1,-1
92,1,981.9865,194.2756,137.0286,311.6541,1,-1,-1,-1
92,3,111.1204,361.328,140.3773,215.933,1,-1,-1,-1
92,2,148.9169,148.8452,94.3451,238.2756,1,-1,-1,-1
93,3,112.902,362.402,134.9805,215.8788,1,-1,-1,-1
93,1,983.7521,193.0486,141.4355,312.8258,1,-1,-1,-1
93,2,142.8114,148.5853,100.9645,239.5022,1,-1,-1,-1
94,1,992.73,194.4021,141.7589,314.9737,1,-1,-1,-1
94,3,112.9977,361.847,134.1695,216.2561,1,-1,-1,-1
94,2,147.7597,152.5068,100.932,256.7602,1,-1,-1,-1
95,1,999.6843,192.1768,142.4582,318.5281,1,-1,-1,-1
95,3,112.795,361.8234,137.3392,216.3977,1,-1,-1,-1
95,2,151.1931,153.3421,96.9349,250.5896,1,-1,-1,-1
96,1,1008.639,194.4322,137.8656,312.9792,1,-1,-1,-1
96,3,112.084,362.2499,137.1493,215.9147,1,-1,-1,-1
96,2,144.6837,148.2455,98.5685,240.1634,1,-1,-1,-1
97,1,1025.437,195.2349,135.6685,316.0277,1,-1,-1,-1
97,3,111.2519,361.4117,142.1109,213.5419,1,-1,-1,-1
97,2,151.0316,149.7309,92.2151,238.3164,1,-1,-1,-1
98,1,1034.7855,193.6643,131.9218,317.8549,1,-1,-1,-1
98,3,111.5087,361.4641,142.66,214.2372,1,-1,-1,-1
98,2,151.2864,149.5557,92.2984,238.7336,1,-1,-1,-1
99,1,1045.9161,187.5025,127.2815,322.8705,1,-1,-1,-1
99,3,111.7353,360.9939,142.7382,213.4811,1,-1,-1,-1
99,2,148.4928,149.3633,94.3735,237.845,1,-1,-1,-1
100,1,1049.8772,192.7186,138.0201,326.7787,1,-1,-1,-1
100,3,112.329,361.527,138.0282,216.0634,1,-1,-1,-1
100,2,146.2997,148.3718,95.49,238.6741,1,-1,-1,-1
101,1,1053.0989,190.9327,143.7318,328.7429,1,-1,-1,-1
101,3,112.1546,359.9825,142.6942,214.9262,1,-1,-1,-1
101,2,153.0108,149.6238,88.9986,236.7138,1,-1,-1,-1
102,1,1053.9681,183.0332,150.9002,340.1953,1,-1,-1,-1
102,3,113.1442,360.6563,141.3419,214.5265,1,-1,-1,-1
102,2,151.803,150.4787,90.0472,237.1683,1,-1,-1,-1
103,1,1063.8934,181.6206,149.8467,341.3485,1,-1,-1,-1
103,3,112.2293,360.153,143.1104,214.9063,1,-1,-1,-1
103,2,150.2927,151.2233,92.6591,235.3071,1,-1,-1,-1
104,1,1068.1654,180.8458,152.5264,336.786,1,-1,-1,-1
104,2,150.5503,151.6784,91.1218,234.4995,1,-1,-1,-1
104,3,112.0078,360.2558,142.283,214.0744,1,-1,-1,-1
105,1,1073.2454,180.2346,151.3665,338.6842,1,-1,-1,-1
105,2,158.0158,151.2148,84.3116,231.1598,1,-1,-1,-1
105,3,111.2601,359.3498,142.488,214.3809,1,-1,-1,-1
106,1,1080.8535,187.8727,145.223,328.6912,1,-1,-1,-1
106,2,152.0614,150.518,88.5861,232.35,1,-1,-1,-1
106,3,111.8783,359.4279,138.1862,219.213,1,-1,-1,-1
107,1,1087.8221,182.2261,143.8356,336.4331,1,-1,-1,-1
107,3,112.0685,358.8557,140.2929,215.3912,1,-1,-1,-1
107,2,152.2732,149.613,85.3927,229.6957,1,-1,-1,-1
108,2,153.5165,149.0699,85.2063,229.4277,1,-1,-1,-1
108,1,1089.524,179.6016,145.4765,340.9513,1,-1,-1,-1
108,3,113.5843,359.209,136.7438,220.1136,1,-1,-1,-1
109,2,152.2567,149.4029,89.0684,228.1646,1,-1,-1,-1
109,1,1093.0063,179.5995,148.7604,339.8166,1,-1,-1,-1
109,3,113.5748,358.3415,139.0854,218.5637,1,-1,-1,-1
110,1,1098.8494,182.7332,145.9329,335.7249,1,-1,-1,-1
110,2,153.076,146.8415,87.2631,229.1437,1,-1,-1,-1
110,3,113.7456,358.3082,139.7207,218.7041,1,-1,-1,-1
111,2,152.078,148.0807,88.1064,228.1263,1,-1,-1,-1
111,3,113.6712,358.8738,136.9021,219.8346,1,-1,-1,-1
111,1,1105.1862,177.4682,141.879,343.0595,1,-1,-1,-1
112,2,159.337,145.1963,81.914,221.4731,1,-1,-1,-1
112,3,111.6904,358.8748,139.8036,219.3158,1,-1,-1,-1
112,1,1110.2804,168.67,141.1562,345.8796,1,-1,-1,-1
113,2,157.3405,146.2328,83.14,221.03,1,-1,-1,-1
113,3,110.7619,359.5702,142.5071,216.981,1,-1,-1,-1
113,1,1114.3711,173.2014,141.8247,348.1664,1,-1,-1,-1
114,2,154.1145,147.6144,85.902,223.0594,1,-1,-1,-1
114,1,1120.212,173.8763,142.8218,347.9419,1,-1,-1,-1
114,3,109.9923,359.7469,145.1633,217.447,1,-1,-1,-1
115,2,152.087,148.2694,89.776,223.697,1,-1,-1,-1
115,1,1123.5645,183.262,143.2745,339.485,1,-1,-1,-1
115,3,108.0186,360.6964,148.9841,218.099,1,-1,-1,-1
116,2,154.6712,148.5528,88.5399,220.8246,1,-1,-1,-1
116,1,1129.2327,192.4276,140.5547,329.2205,1,-1,-1,-1
116,3,108.2857,360.8569,143.9002,216.1214,1,-1,-1,-1
117,2,153.6836,150.7963,91.6869,219.7924,1,-1,-1,-1
117,1,1134.7299,197.0902,142.0758,322.8399,1,-1,-1,-1
117,3,104.7776,362.6476,155.3764,206.924,1,-1,-1,-1
118,2,153.8199,148.9924,91.8347,223.4088,1,-1,-1,-1
118,1,1142.0237,207.6286,140.1118,315.2853,1,-1,-1,-1
118,3,105.1277,364.1463,155.9288,206.7891,1,-1,-1,-1
119,2,149.3094,151.9623,88.6738,221.5297,1,-1,-1,-1
119,3,109.34,368.9275,155.9921,208.2767,1,-1,-1,-1
119,1,1151.8514,203.2136,140.5608,313.4172,1,-1,-1,-1
120,2,146.793,150.8854,90.2757,222.573,1,-1,-1,-1
120,3,113.2676,368.6085,151.7409,209.2352,1,-1,-1,-1
120,1,1157.5745,208.5477,140.7004,306.6555,1,-1,-1,-1
121,3,115.1936,369.4651,150.9355,201.6252,1,-1,-1,-1
121,1,1156.5931,209.4298,146.6326,309.0534,1,-1,-1,-1
121,2,142.8368,151.74,99.6269,224.5599,1,-1,-1,-1
122,1,1165.5453,210.5251,144.3751,312.9646,1,-1,-1,-1
122,3,122.076,366.8056,142.2728,211.517,1,-1,-1,-1
122,2,146.867,151.7044,94.1784,225.5622,1,-1,-1,-1
123,2,143.2155,155.1309,96.4844,226.8144,1,-1,-1,-1
123,3,124.9207,369.9348,139.4836,208.0784,1,-1,-1,-1
123,1,1168.088,214.9611,145.6785,300.0932,1,-1,-1,-1
124,2,148.0123,156.6685,92.739,227.0116,1,-1,-1,-1
124,3,136.0175,377.1416,127.9262,199.876,1,-1,-1,-1
124,1,1170.8829,217.6575,148.276,301.6089,1,-1,-1,-1
125,2,146.4343,157.8524,97.1213,229.9569,1,-1,-1,-1
125,3,142.0022,378.4767,122.7009,198.9086,1,-1,-1,-1
125,1,1172.4324,229.1451,151.9529,289.5805,1,-1,-1,-1
126,2,143.4601,159.8242,98.4424,232.7016,1,-1,-1,-1
126,3,141.9663,378.6602,122.6993,197.247,1,-1,-1,-1
126,1,1174.1173,233.5867,155.6749,285.0005,1,-1,-1,-1
127,2,141.1696,156.1075,103.5079,256.2353,1,-1,-1,-1
127,3,141.473,379.5608,124.6481,197.486,1,-1,-1,-1
127,1,1173.504,240.029,160.1928,278.9086,1,-1,-1,-1
128,2,145.5974,153.3623,102.8273,275.7831,1,-1,-1,-1
128,3,139.6299,381.4023,123.7559,196.2748,1,-1,-1,-1
128,1,1173.3363,245.7516,163.563,275.3791,1,-1,-1,-1
129,2,137.9851,144.8586,103.8517,268.8638,1,-1,-1,-1
129,3,138.8744,379.0979,124.0449,199.4572,1,-1,-1,-1
129,1,1176.4037,246.4827,162.9274,284.9539,1,-1,-1,-1
130,2,137.7973,131.783,102.1361,286.2785,1,-1,-1,-1
130,3,139.1653,379.6277,125.6918,197.1916,1,-1,-1,-1
130,1,1176.7115,250.3659,163.9198,280.3344,1,-1,-1,-1
131,2,134.9818,114.8601,105.4116,301.8052,1,-1,-1,-1
131,3,142.3952,378.4927,120.9641,199.0823,1,-1,-1,-1
131,1,1175.1942,248.6679,167.5795,282.9136,1,-1,-1,-1
132,2,134.1859,112.6257,105.5128,305.0746,1,-1,-1,-1
132,3,145.3974,382.9077,117.265,190.59,1,-1,-1,-1
132,1,1177.2661,247.5214,164.3479,283.388,1,-1,-1,-1
133,2,126.3529,108.6879,113.9982,314.0765,1,-1,-1,-1
133,3,145.0153,385.563,116.4083,189.3916,1,-1,-1,-1
133,1,1167.2579,252.1147,166.1745,281.0362,1,-1,-1,-1
134,2,125.9814,111.0319,112.9132,311.8627,1,-1,-1,-1
134,3,145.577,384.9836,114.7375,190.8146,1,-1,-1,-1
134,1,1169.0798,252.066,163.8976,280.893,1,-1,-1,-1
135,2,127.1908,116.5015,113.0212,310.9537,1,-1,-1,-1
135,3,145.0862,385.0092,114.9076,190.8631,1,-1,-1,-1
135,1,1169.6515,253.0632,161.4767,280.6944,1,-1,-1,-1
136,2,131.6564,130.9455,109.7278,298.1641,1,-1,-1,-1
136,3,144.8174,385.6381,114.9576,190.2672,1,-1,-1,-1
136,1,1171.2487,254.1889,157.6101,277.4551,1,-1,-1,-1
137,2,130.2604,153.6879,110.9197,269.0909,1,-1,-1,-1
137,1,1169.0922,252.6862,158.184,279.8172,1,-1,-1,-1
138,2,131.553,163.5701,110.8128,257.9904,1,-1,-1,-1
138,1,1168.7875,242.0233,152.438,291.8605,1,-1,-1,-1
139,2,129.61,163.2239,112.5761,260.8998,1,-1,-1,-1
139,1,1172.243,247.2634,158.287,278.8963,1,-1,-1,-1
140,2,132.2612,163.4862,111.6777,263.0663,1,-1,-1,-1
140,1,1178.3215,244.9294,151.4325,279.7676,1,-1,-1,-1
141,2,134.6426,165.8599,109.6412,260.6059,1,-1,-1,-1
141,1,1178.8434,237.0405,160.2981,283.0734,1,-1,-1,-1
142,2,132.7309,165.5054,114.3986,273.3765,1,-1,-1,-1
142,1,1177.0028,234.9441,162.0982,286.5101,1,-1,-1,-1
143,2,134.7512,167.2388,107.5903,261.1304,1,-1,-1,-1
143,1,1173.9128,229.8222,165.9823,292.9126,1,-1,-1,-1
144,1,1173.2706,225.4709,165.862,298.231,1,-1,-1,-1
144,2,130.198,169.7722,116.6967,267.628,1,-1,-1,-1
145,1,1172.6034,223.9512,165.9429,302.3394,1,-1,-1,-1
145,2,119.1903,170.5118,129.9247,266.3294,1,-1,-1,-1
146,1,1173.7305,214.0765,164.7154,315.4849,1,-1,-1,-1
146,2,121.0716,168.84,126.4643,270.2839,1,-1,-1,-1
147,1,1171.7734,208.1496,168.8575,321.5448,1,-1,-1,-1
147,2,120.7077,167.3871,126.8331,272.4351,1,-1,-1,-1
148,1,1172.2246,207.7536,167.7214,316.429,1,-1,-1,-1
148,2,122.1521,164.9561,121.2548,275.8644,1,-1,-1,-1
149,1,1172.6733,205.75,164.8604,315.4167,1,-1,-1,-1
149,2,130.584,164.6791,106.014,271.2635,1,-1,-1,-1
150,1,1169.652,203.5495,166.3126,324.5732,1,-1,-1,-1
150,2,127.2341,162.9191,108.7178,271.4634,1,-1,-1,-1
151,1,1168.4591,199.2261,166.0559,331.0545,1,-1,-1,-1
151,2,126.4903,144.536,109.3651,291.1918,1,-1,-1,-1
152,1,1166.6754,199.0271,160.8049,329.3694,1,-1,-1,-1
152,2,121.2349,136.606,116.7187,300.0292,1,-1,-1,-1
153,1,1163.0436,195.9386,161.3674,330.4583,1,-1,-1,-1
153,2,118.1808,132.3305,121.0407,301.419,1,-1,-1,-1
154,1,1159.8943,191.541,168.1951,332.134,1,-1,-1,-1
154,2,118.1944,133.1031,120.3712,300.6822,1,-1,-1,-1
155,2,117.1433,134.9202,122.1653,297.8271,1,-1,-1,-1
155,1,1159.5233,188.6854,165.5117,332.1935,1,-1,-1,-1
156,1,1156.332,187.4136,163.6916,334.5793,1,-1,-1,-1
156,2,121.7819,144.4855,118.3448,285.4068,1,-1,-1,-1
157,2,124.9181,161.5007,118.273,265.497,1,-1,-1,-1
157,1,1154.6808,184.0354,164.3288,341.4802,1,-1,-1,-1
158,2,123.9791,168.8616,122.3823,271.2452,1,-1,-1,-1
158,1,1152.6394,184.6686,163.5201,336.1638,1,-1,-1,-1
159,2,123.148,171.4947,125.705,266.8917,1,-1,-1,-1
159,1,1148.625,186.524,165.4686,339.6163,1,-1,-1,-1
160,2,124.4523,171.1829,116.7331,257.0025,1,-1,-1,-1
160,1,1149.3463,179.9906,165.161,337.0692,1,-1,-1,-1
161,2,126.6466,171.4446,113.7576,257.3557,1,-1,-1,-1
161,1,1144.3579,174.8416,166.8483,348.1232,1,-1,-1,-1
162,1,1139.42,173.0033,166.2333,347.3373,1,-1,-1,-1
162,2,121.5061,172.767,120.4939,253.4119,1,-1,-1,-1
163,1,1139.488,176.5077,162.5673,345.5152,1,-1,-1,-1
163,2,119.9846,171.5416,123.9551,253.2958,1,-1,-1,-1
164,1,1137.0641,176.6483,162.006,345.5698,1,-1,-1,-1
164,2,119.0975,173.3497,127.6159,249.4083,1,-1,-1,-1
165,1,1132.5559,174.5208,163.8556,346.4848,1,-1,-1,-1
165,2,121.1247,171.0546,124.492,253.5934,1,-1,-1,-1
166,2,118.2335,173.6915,127.3443,250.9571,1,-1,-1,-1
166,1,1128.9276,174.9171,161.8046,352.8569,1,-1,-1,-1
167,1,1122.5298,174.0881,159.9392,357.5609,1,-1,-1,-1
167,2,120.7188,173.9906,124.8028,251.8327,1,-1,-1,-1
168,2,126.4325,175.0957,118.6503,260.266,1,-1,-1,-1
168,1,1116.0974,176.9731,157.9866,349.9835,1,-1,-1,-1
169,1,1110.9052,179.4415,157.3234,345.8493,1,-1,-1,-1
169,2,117.6871,176.6071,128.0077,262.1895,1,-1,-1,-1
170,2,119.9441,175.24,125.3425,264.9846,1,-1,-1,-1
170,1,1109.9303,186.2753,154.3687,336.9181,1,-1,-1,-1
171,2,120.1266,173.1033,128.2262,264.2382,1,-1,-1,-1
171,1,1100.3726,184.131,158.6416,341.7123,1,-1,-1,-1
172,1,1096.8302,185.2834,157.9658,337.4557,1,-1,-1,-1
172,2,119.9521,174.9477,129.3942,258.9848,1,-1,-1,-1
173,1,1090.879,185.1767,148.559,336.9426,1,-1,-1,-1
173,2,119.9184,173.5836,123.8154,244.9949,1,-1,-1,-1
174,1,1085.1927,187.4373,134.3815,325.9293,1,-1,-1,-1
174,2,128.0903,172.3979,115.237,234.8317,1,-1,-1,-1
175,1,1081.194,192.2101,130.3564,324.5362,1,-1,-1,-1
175,2,122.4744,162.9017,119.2126,244.3914,1,-1,-1,-1
176,2,122.3825,159.4961,118.8948,255.8531,1,-1,-1,-1
176,1,1063.7821,183.58,141.4248,340.1285,1,-1,-1,-1
177,1,1057.3848,195.2452,134.9566,314.5983,1,-1,-1,-1
177,2,128.1082,159.8949,111.0276,256.8958,1,-1,-1,-1
178,1,1042.6276,184.944,141.1773,331.5602,1,-1,-1,-1
178,2,126.1517,154.3622,114.6743,289.616,1,-1,-1,-1
179,2,123.6215,159.4093,114.8766,307.8968,1,-1,-1,-1
179,1,1043.2396,181.5398,131.3181,321.4733,1,-1,-1,-1
180,2,125.4823,162.39,113.3474,305.7289,1,-1,-1,-1
180,1,1036.7599,185.0276,131.1874,328.1681,1,-1,-1,-1
181,2,117.6706,170.1126,124.3961,305.1365,1,-1,-1,-1
181,1,1021.8702,180.2821,138.1842,330.7586,1,-1,-1,-1
182,2,120.8396,172.8961,121.5966,304.001,1,-1,-1,-1
182,1,1015.7377,181.1646,134.6681,329.9311,1,-1,-1,-1
183,2,128.9841,174.8392,113.07,303.6081,1,-1,-1,-1
183,1,1010.7468,191.0988,132.1668,317.7988,1,-1,-1,-1
184,2,135.6912,174.9122,105.5858,292.0121,1,-1,-1,-1
184,1,1011.0369,194.6322,130.6823,317.4558,1,-1,-1,-1
185,2,134.1054,183.105,106.8713,263.6379,1,-1,-1,-1
185,1,986.4718,198.2007,140.829,311.0933,1,-1,-1,-1
186,1,962.1054,199.9434,158.3422,306.7688,1,-1,-1,-1
186,2,140.321,187.4375,98.4726,264.4077,1,-1,-1,-1
187,2,137.4505,191.101,102.5013,254.588,1,-1,-1,-1
187,1,964.9263,202.7943,151.0523,302.3493,1,-1,-1,-1
188,2,133.703,198.5808,109.5615,246.1507,1,-1,-1,-1
188,1,964.7093,209.1885,145.1055,295.891,1,-1,-1,-1
189,2,132.8503,198.6392,112.3787,244.5999,1,-1,-1,-1
189,1,961.698,212.1379,144.5591,293.3264,1,-1,-1,-1
190,1,947.6364,202.7207,139.0869,300.2603,1,-1,-1,-1
190,2,131.442,205.6695,116.8571,233.8815,1,-1,-1,-1
191,1,941.8152,199.9412,139.7358,300.4662,1,-1,-1,-1
191,2,126.9924,210.7422,122.1559,234.1747,1,-1,-1,-1
192,1,932.7678,204.414,125.1558,294.1043,1,-1,-1,-1
192,2,126.3158,213.1261,119.4811,239.8993,1,-1,-1,-1
193,2,128.3329,216.8689,118.6487,223.0733,1,-1,-1,-1
193,1,931.8489,204.7724,114.1832,292.7179,1,-1,-1,-1
194,2,133.083,214.9321,113.1729,220.481,1,-1,-1,-1
194,1,927.2567,205.3881,105.3296,290.81,1,-1,-1,-1
195,2,133.6877,214.1787,113.8184,220.383,1,-1,-1,-1
195,1,926.3463,206.3704,97.6105,293.8378,1,-1,-1,-1
196,2,132.4864,210.6324,116.3462,222.378,1,-1,-1,-1
196,1,902.0604,202.9936,114.775,296.1148,1,-1,-1,-1
197,2,134.2516,212.6989,112.4973,221.8977,1,-1,-1,-1
197,1,899.6568,203.4376,102.2251,293.7955,1,-1,-1,-1
198,2,132.3707,211.4297,114.5031,225.8901,1,-1,-1,-1
198,1,878.0283,200.3319,114.457,292.3319,1,-1,-1,-1
199,2,134.8045,210.6272,110.1851,229.4062,1,-1,-1,-1
199,1,869.8805,196.1738,120.383,299.7588,1,-1,-1,-1
200,2,134.9156,207.741,109.4722,232.4845,1,-1,-1,-1
200,1,865.3884,196.2133,118.3909,296.6443,1,-1,-1,-1
201,2,136.321,205.2671,105.2248,237.4637,1,-1,-1,-1
201,1,863.7234,197.4558,115.5269,302.635,1,-1,-1,-1
202,2,134.5083,187.5251,108.8733,260.6558,1,-1,-1,-1
202,1,841.3021,191.8821,128.2086,317.7732,1,-1,-1,-1
203,2,132.9632,172.7801,111.3094,280.5022,1,-1,-1,-1
203,1,832.207,191.56,128.7881,320.4626,1,-1,-1,-1
204,2,132.6325,165.4116,112.3961,288.7723,1,-1,-1,-1
204,1,831.613,191.6692,125.5506,321.2223,1,-1,-1,-1
205,2,132.8843,153.5199,113.3534,301.218,1,-1,-1,-1
205,1,815.7568,195.4222,139.0265,321.9626,1,-1,-1,-1
206,2,133.58,155.6469,112.2827,298.2888,1,-1,-1,-1
206,1,804.8565,196.5884,149.5988,323.4737,1,-1,-1,-1
207,2,133.6451,160.0006,112.202,293.775,1,-1,-1,-1
207,1,803.9037,196.2568,135.2431,321.6695,1,-1,-1,-1
208,2,132.2037,171.7002,112.9793,277.9008,1,-1,-1,-1
208,1,795.8812,199.9482,141.4732,323.0389,1,-1,-1,-1
209,2,129.9293,183.853,115.9668,260.3519,1,-1,-1,-1
209,1,786.1221,196.5325,137.0445,327.1636,1,-1,-1,-1
210,2,130.1995,189.3456,115.6668,254.1443,1,-1,-1,-1
210,1,775.7081,205.6468,122.4804,325.8904,1,-1,-1,-1
211,2,131.0538,205.8587,115.4215,231.905,1,-1,-1,-1
211,1,765.7294,194.5155,126.6147,339.2775,1,-1,-1,-1
212,2,129.647,205.2982,117.7049,231.6116,1,-1,-1,-1
212,1,758.8907,195.1746,128.9025,335.9257,1,-1,-1,-1
213,2,128.1225,205.9095,120.5195,230.7637,1,-1,-1,-1
213,1,756.0292,199.3759,128.5451,336.9206,1,-1,-1,-1
214,2,128.7937,205.1996,119.5051,231.5388,1,-1,-1,-1
214,1,750.899,195.659,119.9563,336.4932,1,-1,-1,-1
215,2,129.6204,206.0602,117.8117,233.5698,1,-1,-1,-1
215,1,744.7088,192.9286,124.7682,343.7691,1,-1,-1,-1
216,2,132.2908,207.3712,113.6771,232.1297,1,-1,-1,-1
216,1,740.5181,192.1261,128.3065,341.0181,1,-1,-1,-1
217,2,130.6134,206.821,116.9654,229.7499,1,-1,-1,-1
217,1,704.4612,193.2674,168.2043,340.0461,1,-1,-1,-1
218,2,129.4147,206.7075,117.112,231.007,1,-1,-1,-1
218,1,681.3456,193.6423,196.8292,344.5683,1,-1,-1,-1
219,2,125.1572,205.1111,122.1723,232.2702,1,-1,-1,-1
219,1,675.4525,190.6037,193.1472,343.0696,1,-1,-1,-1
220,2,125.6488,203.1912,118.4801,234.7472,1,-1,-1,-1
220,1,668.6169,199.5308,187.9489,333.3355,1,-1,-1,-1
221,2,129.3770,201.7423,110.4300,237.3572,1,-1,-1,-1
221,1,645.1462,199.3733,209.6988,333.9568,1,-1,-1,-1
222,1,631.3511,200.7605,211.8086,334.4268,1,-1,-1,-1
222,2,127.4945,185.8228,113.912,252.2077,1,-1,-1,-1
223,1,625.1883,202.7374,206.3679,339.7164,1,-1,-1,-1
223,2,129.4281,170.9688,114.8301,270.2536,1,-1,-1,-1
224,1,615.8934,205.5243,205.429,337.7174,1,-1,-1,-1
224,2,130.0768,157.0959,114.9893,287.6292,1,-1,-1,-1
225,1,604.709,201.0858,215.8307,349.0508,1,-1,-1,-1
225,2,125.2427,150.0641,118.9288,297.2857,1,-1,-1,-1
226,1,602.3062,202.1529,216.6897,347.7296,1,-1,-1,-1
226,2,127.866,156.8967,114.8882,293.1902,1,-1,-1,-1
227,1,601.1321,203.5406,214.9526,344.6193,1,-1,-1,-1
227,2,129.8168,160.3278,113.6329,286.9449,1,-1,-1,-1
228,1,599.4376,201.8752,215.3577,349.5697,1,-1,-1,-1
228,2,119.0668,161.5097,125.2551,284.5338,1,-1,-1,-1
229,1,611.6459,210.0641,192.7738,344.8068,1,-1,-1,-1
229,2,126.309,161.9517,116.7428,288.8532,1,-1,-1,-1
230,1,603.6499,207.8652,198.0821,351.1925,1,-1,-1,-1
230,2,130.9405,162.3002,111.4159,285.6725,1,-1,-1,-1
231,1,608.177,204.3827,185.0754,351.7273,1,-1,-1,-1
231,2,132.7543,161.9454,108.3882,290.5371,1,-1,-1,-1
232,1,605.2066,204.2562,185.5352,361.2245,1,-1,-1,-1
232,2,133.5487,156.9504,108.5861,298.9633,1,-1,-1,-1
233,1,603.0105,201.3303,186.0435,362.5789,1,-1,-1,-1
233,2,135.057,142.4247,107.1343,321.7496,1,-1,-1,-1
234,1,605.0999,199.2347,180.4658,365.7985,1,-1,-1,-1
234,2,133.8773,151.951,107.4387,307.8696,1,-1,-1,-1
235,1,604.3423,193.9083,172.1201,371.9463,1,-1,-1,-1
235,2,138.91,163.5958,101.2836,305.4516,1,-1,-1,-1
236,1,598.9809,196.1623,172.7098,375.5164,1,-1,-1,-1
236,2,140.2889,178.6195,100.017,289.5646,1,-1,-1,-1
237,1,596.1354,198.5619,170.7339,375.7438,1,-1,-1,-1
237,2,140.4004,184.4989,97.503,263.5231,1,-1,-1,-1
238,1,589.5283,197.1965,167.3899,375.6371,1,-1,-1,-1
238,2,140.737,186.7333,96.7764,273.9519,1,-1,-1,-1
239,1,585.5109,197.3608,168.623,374.109,1,-1,-1,-1
239,2,140.344,187.2133,97.6216,272.9277,1,-1,-1,-1
240,1,580.0786,205.1195,169.7194,373.1206,1,-1,-1,-1
240,2,141.8572,186.1331,95.8931,272.7437,1,-1,-1,-1
241,1,572.4564,209.9626,172.9739,365.6229,1,-1,-1,-1
241,2,142.6204,182.8962,95.717,310.7495,1,-1,-1,-1
242,1,563.8278,214.5576,173.1158,362.735,1,-1,-1,-1
242,2,140.5289,176.6025,96.7979,315.462,1,-1,-1,-1
243,1,547.126,210.595,186.082,369.5456,1,-1,-1,-1
243,2,144.3032,169.4987,92.7432,347.0976,1,-1,-1,-1
244,1,540.2568,216.6109,188.1341,364.6182,1,-1,-1,-1
244,2,141.9948,160.6039,96.7469,331.2696,1,-1,-1,-1
245,1,534.1639,221.1021,192.039,363.5261,1,-1,-1,-1
245,2,139.9619,152.0387,100.9516,369.7236,1,-1,-1,-1
246,1,526.8419,228.9849,195.0192,357.5801,1,-1,-1,-1
246,2,134.7974,142.0692,108.7856,380.1034,1,-1,-1,-1
247,1,515.853,235.5713,196.0393,354.8246,1,-1,-1,-1
247,2,134.636,140.5168,108.9143,361.7085,1,-1,-1,-1
248,1,510.2542,242.8136,195.8654,345.2599,1,-1,-1,-1
248,2,139.5925,160.7665,103.1591,331.8428,1,-1,-1,-1
249,1,503.4764,247.3422,196.5592,341.6198,1,-1,-1,-1
249,2,139.9418,166.8532,102.3612,316.9021,1,-1,-1,-1
250,1,503.2675,250.5568,187.0722,340.314,1,-1,-1,-1
250,2,140.37,171.2339,102.0841,306.2165,1,-1,-1,-1
251,1,497.8469,260.0649,187.4073,323.6786,1,-1,-1,-1
251,2,140.7172,176.4022,102.0159,300.3286,1,-1,-1,-1
252,1,497.2308,267.1841,183.2536,316.647,1,-1,-1,-1
252,2,140.0387,177.4383,102.7814,300.8208,1,-1,-1,-1
253,1,489.324,267.7075,190.4537,322.1658,1,-1,-1,-1
253,2,138.8395,176.0,104.5782,300.1454,1,-1,-1,-1
254,1,489.1156,273.2945,185.174,316.227,1,-1,-1,-1
254,2,137.312,174.2075,107.0386,320.6664,1,-1,-1,-1
255,1,486.4727,278.8087,184.5426,310.6035,1,-1,-1,-1
255,2,139.2023,173.6448,105.2681,338.7163,1,-1,-1,-1
256,1,478.9416,280.9698,190.4394,306.1493,1,-1,-1,-1
256,2,140.0374,170.4734,102.9853,331.2196,1,-1,-1,-1
257,1,474.7977,286.4089,192.1821,303.8263,1,-1,-1,-1
257,2,139.4566,166.4633,102.9722,333.0417,1,-1,-1,-1
258,1,471.8671,289.8664,192.6756,301.5646,1,-1,-1,-1
258,2,140.9217,164.9398,102.378,350.5206,1,-1,-1,-1
259,1,475.7564,293.5669,188.8525,297.5782,1,-1,-1,-1
259,2,142.5758,161.2418,101.0411,336.9344,1,-1,-1,-1
137,3,135.0,379.5,154.5,207.0,1,-1,-1,-1
138,3,141.0,384.0,130.5,207.0,1,-1,-1,-1
139,3,139.5,385.5,135.0,205.5,1,-1,-1,-1
140,3,142.5,387.0,135.0,204.0,1,-1,-1,-1
141,3,139.5,397.5,136.5,189.0,1,-1,-1,-1
142,3,133.5,385.5,141.0,196.5,1,-1,-1,-1
143,3,148.5,393.0,120.0,190.5,1,-1,-1,-1
144,3,148.5,390.0,127.5,201.0,1,-1,-1,-1
145,3,150.0,396.0,130.5,192.0,1,-1,-1,-1
146,3,150.0,396.0,130.5,192.0,1,-1,-1,-1
147,3,150.0,396.0,130.5,192.0,1,-1,-1,-1
148,3,150.0,396.0,130.5,192.0,1,-1,-1,-1
149,3,150.0,396.0,130.5,192.0,1,-1,-1,-1
150,3,150.0,396.0,130.5,192.0,1,-1,-1,-1
151,3,150.0,396.0,130.5,192.0,1,-1,-1,-1
152,3,150.0,396.0,130.5,192.0,1,-1,-1,-1
153,3,150.0,396.0,130.5,192.0,1,-1,-1,-1
154,3,150.0,396.0,130.5,192.0,1,-1,-1,-1
155,3,150.0,396.0,130.5,192.0,1,-1,-1,-1
156,3,150.0,396.0,130.5,192.0,1,-1,-1,-1
157,3,150.0,396.0,130.5,192.0,1,-1,-1,-1
158,3,150.0,396.0,130.5,192.0,1,-1,-1,-1
159,3,150.0,396.0,130.5,192.0,1,-1,-1,-1
160,3,150.0,396.0,130.5,192.0,1,-1,-1,-1
161,3,150.0,396.0,130.5,192.0,1,-1,-1,-1
162,3,150.0,396.0,130.5,192.0,1,-1,-1,-1
163,3,150.0,396.0,130.5,192.0,1,-1,-1,-1
164,3,150.0,396.0,130.5,192.0,1,-1,-1,-1
165,3,148.5,384.0,142.5,207.0,1,-1,-1,-1
166,3,148.5,384.0,142.5,207.0,1,-1,-1,-1
167,3,148.5,384.0,142.5,207.0,1,-1,-1,-1
168,3,148.5,384.0,142.5,207.0,1,-1,-1,-1
169,3,148.5,384.0,142.5,207.0,1,-1,-1,-1
170,3,148.5,384.0,142.5,207.0,1,-1,-1,-1
171,3,148.5,384.0,142.5,207.0,1,-1,-1,-1
172,3,148.5,384.0,142.5,207.0,1,-1,-1,-1
173,3,148.5,384.0,142.5,207.0,1,-1,-1,-1
174,3,148.5,384.0,142.5,207.0,1,-1,-1,-1
175,3,148.5,384.0,142.5,207.0,1,-1,-1,-1
176,3,148.5,384.0,142.5,207.0,1,-1,-1,-1
177,3,148.5,384.0,142.5,207.0,1,-1,-1,-1
178,3,148.5,384.0,142.5,207.0,1,-1,-1,-1
179,3,148.5,384.0,142.5,207.0,1,-1,-1,-1
180,3,148.5,384.0,142.5,207.0,1,-1,-1,-1
181,3,148.5,384.0,142.5,207.0,1,-1,-1,-1
182,3,148.5,384.0,142.5,207.0,1,-1,-1,-1
183,3,148.5,384.0,142.5,207.0,1,-1,-1,-1
184,3,148.5,384.0,142.5,207.0,1,-1,-1,-1
185,3,148.5,384.0,142.5,207.0,1,-1,-1,-1
186,3,148.5,384.0,142.5,207.0,1,-1,-1,-1
187,3,148.5,384.0,142.5,207.0,1,-1,-1,-1
188,3,148.5,384.0,142.5,207.0,1,-1,-1,-1
189,3,148.5,384.0,142.5,207.0,1,-1,-1,-1
190,3,148.5,384.0,142.5,207.0,1,-1,-1,-1
191,3,148.5,384.0,142.5,207.0,1,-1,-1,-1
192,3,148.5,384.0,142.5,207.0,1,-1,-1,-1
193,3,148.5,384.0,142.5,207.0,1,-1,-1,-1
194,3,148.5,384.0,142.5,207.0,1,-1,-1,-1
195,3,148.5,384.0,142.5,207.0,1,-1,-1,-1
196,3,148.5,384.0,142.5,207.0,1,-1,-1,-1
197,3,148.5,384.0,142.5,207.0,1,-1,-1,-1
198,3,148.5,384.0,142.5,207.0,1,-1,-1,-1
199,3,148.5,384.0,142.5,207.0,1,-1,-1,-1
200,3,148.5,384.0,142.5,207.0,1,-1,-1,-1
201,3,148.5,384.0,142.5,207.0,1,-1,-1,-1
202,3,148.5,384.0,142.5,207.0,1,-1,-1,-1
203,3,148.5,384.0,142.5,207.0,1,-1,-1,-1
204,3,148.5,384.0,142.5,207.0,1,-1,-1,-1
205,3,148.5,384.0,142.5,207.0,1,-1,-1,-1
206,3,148.5,384.0,142.5,207.0,1,-1,-1,-1
207,3,148.5,384.0,142.5,207.0,1,-1,-1,-1
208,3,148.5,384.0,142.5,207.0,1,-1,-1,-1
209,3,148.5,384.0,142.5,207.0,1,-1,-1,-1
210,3,148.5,384.0,142.5,207.0,1,-1,-1,-1
211,3,148.5,384.0,142.5,207.0,1,-1,-1,-1
212,3,148.5,384.0,142.5,207.0,1,-1,-1,-1
213,3,148.5,384.0,142.5,207.0,1,-1,-1,-1
214,3,148.5,384.0,142.5,207.0,1,-1,-1,-1
215,3,148.5,384.0,142.5,207.0,1,-1,-1,-1
216,3,148.5,384.0,142.5,207.0,1,-1,-1,-1
217,3,148.5,384.0,142.5,207.0,1,-1,-1,-1
218,3,148.5,384.0,142.5,207.0,1,-1,-1,-1
219,3,148.5,384.0,142.5,207.0,1,-1,-1,-1
220,3,148.5,384.0,142.5,207.0,1,-1,-1,-1
221,3,148.5,384.0,142.5,207.0,1,-1,-1,-1
222,3,148.5,384.0,142.5,207.0,1,-1,-1,-1
223,3,148.5,384.0,142.5,207.0,1,-1,-1,-1
224,3,148.5,384.0,142.5,207.0,1,-1,-1,-1
225,3,148.5,384.0,142.5,207.0,1,-1,-1,-1
226,3,148.5,384.0,142.5,207.0,1,-1,-1,-1
227,3,148.5,384.0,142.5,207.0,1,-1,-1,-1
228,3,148.5,384.0,142.5,207.0,1,-1,-1,-1
229,3,148.5,384.0,142.5,207.0,1,-1,-1,-1
230,3,148.5,384.0,142.5,207.0,1,-1,-1,-1
231,3,148.5,384.0,142.5,207.0,1,-1,-1,-1
232,3,148.5,384.0,142.5,207.0,1,-1,-1,-1
233,3,148.5,384.0,142.5,207.0,1,-1,-1,-1
234,3,148.5,384.0,142.5,207.0,1,-1,-1,-1
235,3,148.5,384.0,142.5,207.0,1,-1,-1,-1
236,3,148.5,384.0,142.5,207.0,1,-1,-1,-1
237,3,148.5,384.0,142.5,207.0,1,-1,-1,-1
238,3,148.5,384.0,142.5,207.0,1,-1,-1,-1
239,3,148.5,384.0,142.5,207.0,1,-1,-1,-1
240,3,148.5,384.0,142.5,207.0,1,-1,-1,-1
241,3,148.5,384.0,142.5,207.0,1,-1,-1,-1
242,3,148.5,384.0,142.5,207.0,1,-1,-1,-1
243,3,148.5,384.0,142.5,207.0,1,-1,-1,-1
244,3,148.5,384.0,142.5,207.0,1,-1,-1,-1
245,3,148.5,384.0,142.5,207.0,1,-1,-1,-1
246,3,148.5,384.0,142.5,207.0,1,-1,-1,-1
247,3,148.5,384.0,142.5,207.0,1,-1,-1,-1
248,3,148.5,384.0,142.5,207.0,1,-1,-1,-1
249,3,148.5,384.0,142.5,207.0,1,-1,-1,-1
250,3,148.5,384.0,142.5,207.0,1,-1,-1,-1
251,3,148.5,384.0,142.5,207.0,1,-1,-1,-1
252,3,148.5,384.0,142.5,207.0,1,-1,-1,-1
253,3,148.5,384.0,142.5,207.0,1,-1,-1,-1
254,3,148.5,384.0,142.5,207.0,1,-1,-1,-1
255,3,148.5,384.0,142.5,207.0,1,-1,-1,-1
256,3,148.5,384.0,142.5,207.0,1,-1,-1,-1
257,3,148.5,384.0,142.5,207.0,1,-1,-1,-1
258,3,148.5,384.0,142.5,207.0,1,-1,-1,-1
259,3,148.5,384.0,142.5,207.0,1,-1,-1,-1